101101100
101101111
100100110
101101010
011111101
101101011
110110100
101101010
011011101
100101001
010010001
011111001
100100001
011111010
100100010
110110100
110110100
110110101
110111101
101101111
100100101
100100010
101101100
101110011
100101001
101101111
011100010
110111101
110111011
101101010
101110011
101101110
010110101
101110011
100100101
100100110
100100110
100100110
101110011
010110101
101101111
101101011
100011110
001000100
011111110
011111110
110110100
101110011
101101110
100100101
100101001
100101001
100100010
010110101
101110011
101110010
011100001
100100110
101101101
101110100
011100010
101110010
011011010
100101001
011011101
101101110
011100000
100100110
100101010
101101010
100100101
011100010
101101011
100100110
100011110
011010110
011111001
110110100
110110111
100100010
011010101
110110100
101101111
100101010
100100110
100100110
101110011
011100001
011011101
100101011
011011101
011100001
100101010
100100010
101101111
100100111
101101010
100100101
011100000
011111001
100100010
100101010
110110101
101101101
110110011
101101111
011010100
010101101
101101100
100100110
011100010
100100111
100100010
111111101
110111100
100101010
011100001
101101110
101101011
011111101
100100010
100100011
100100110
100100110
100100111
011011001
011111110
101110011
100100110
100011110
011010101
010111001
101101011
100011110
100100001
101101110
110110100
101101110
100100001
101101100
101101001
100100011
101101111
101101111
101101111
110110111
011100001
101101111
101101111
101101010
101101111
100100110
101101011
100100010
001110001
100100110
011010101
101101100
101101011
110110100
100100010
011111101
100100011
011011101
100100111
101101011
011111101
101101110
110110100
100100110
100100111
101101111
101110100
011011001
100100001
011111101
010010001
100100010
100100010
011111101
101101011
101101010
100101010
101101110
100100110
101100111
010110101
011111110
010111001
100100010
110110100
101101111
011111001
100100011
100100010
011111001
011100101
100101010
100101010
100101001
011111101
101101011
100100111
100100110
101101111
100100010
110110101
001000100
010001101
011010101
010110001
011011001
011011010
100100010
011111101
011011010
100101011
101101011
011011001
100100001
100100101
101101011
110110100
110110111
010010001
101100111
100100001
100101010
100101010
101101110
100101001
101101110
011100010
100101011
100101010
011100010
011111110
100100010
100100010
011011001
001000100
010110001
001101000
001101000
011111110
011111010
001101101
011011101
101101111
101101111
011011001
100101010
100100101
100101010
101101100
110110101
010010001
100100010
010110101
101101111
010110000
010110001
101101111
100100010
110110100
100101001
011111101
100100110
100101010
100100110
100100001
101101100
010110001
101110100
100100010
101101111
101101010
011011001
100100101
010111000
100101010
011111100
011111101
100011110
101110011
101110100
110110100
101101100
100100111
100100011
011011001
101101100
010110001
011111010
100101010
010111001
101101110
100101110
100100110
100100101
011111010
100100010
011111010
011111110
011111110
101101110
100100101
110110100
011111101
100100110
100100010
011111110
101101011
100011101
100100110
100100110
101101110
110111010
101101101
100101010
100100010
011010101
001101100
100100101
010001101
011111001
100100101
011100101
100101010
101101111
101101111
101101111
011010110
100011111
100100111
011111010
100100111
010110101
101101111
101101110
011111101
010010001
011011010
100100110
101101111
101101011
100100011
011010101
110110100
110110010
110110100
101101110
100100110
100101100
010001101
100100110
010001100
100101010
011100010
101101111
100101010
100101010
101110011
100101010
100100011
100100111
101101010
101101110
101101111
110110100
011011010
101101010
100100110
011011001
100100110
101101011
101110100
101101010
101101111
101101011
101101011
110110100
110110011
110110100
101101011
101101111
011011100
100100010
100100101
100101110
011100010
011011101
101101100
100101010
100100100
100101010
110101100
110110100
101110011
100100001
101110011
011011001
100101010
100101010
011111001
011011110
100101000
100100110
011111001
100100010
101101111
011111101
110110110
101101101
100101001
110110011
101110100
101101010
100100010
011111101
011111110
100100010
101101011
100100111
100100010
101101011
100100110
101100100
101100111
101110010
110110011
101101111
100101010
101101110
011011101
010010100
011100010
100101011
011111001
100100010
011111110
011111010
100100010
011010101
100100110
100100101
101110010
101101011
101101100
100100010
011111110
100100110
011010101
011111101
101101011
101101111
101101111
101110011
110110100
101101011
101100111
100101010
101101111
101101011
110111100
100100110
011100000
100101011
100100010
011011001
100100010
011010101
100100010
100011110
101110100
101101011
100101011
100101010
100101101
101100111
100101010
011111101
011011101
100100110
011011001
010111001
100100110
100100110
010110101
010111010
100101010
100100001
100101010
101101011
100100111
101110011
101101110
100100111
011100010
100100111
101101110
101101010
011011010
100100010
100100110
010001100
100100111
101101011
100100110
010111000
101101011
101101111
100100001
101101100
101101110
100100110
010111000
010010000
100101010
011100001
011100010
101110011
101101010
011100010
101101110
101101011
100100110
101101111
101101111
011111101
100101011
100101011
101101111
100101010
011011110
010110101
100101111
011100011
100011110
011111110
101110011
011100010
100100110
100101010
100101011
110110101
101101010
011100010
100100111
100011110
100101010
101110010
101101101
101101110
101101111
101101010
101101110
011100100
011011110
101110011
101101111
100100010
011111001
100100110
100100111
101101100
100100111
100100010
100100110
100100110
101101011
100101100
100101010
100101011
010110101
011011001
100100110
101110011
100100101
100100110
100100110
100100111
100100110
100100110
101101110
101101010
101101011
101101010
110110111
100101010
011100010
100100111
011100001
100101011
101101011
100111110
100100111
101101100
011111110
100100010
011100001
100100110
100101011
101101111
011100110
100101111
101101111
100100111
100101001
011100010
011011010
001101100
100011110
100011101
101101011
011011001
101101010
101110010
100100110
100011101
100101010
101101110
001110000
011011101
100101011
100101011
100101011
100101011
011110101
100100010
110110100
101110100
110110100
110110100
011100001
100100010
100100010
100100111
101100111
010110001
100101001
101101111
011100001
101110001
010110100
100100110
011010101
100100010
101100100
100100010
110101100
101101111
100100110
100101011
110110100
010110001
011011110
010110101
100011001
100100010
100100010
100011010
100100110
101101110
100100010
100100110
010110001
100100011
011111010
011100010
011111101
101100011
110110100
011011101
100100110
101101110
010110101
011111101
100011110
100100010
100011110
101100111
101101011
101100111
100100101
101101111
100101001
001101001
010010001
100100110
011111110
100011110
111110101
111110101
100100110
100100010
011011001
100100110
011111010
100011110
101100010
011100010
100100110
100100011
100100110
101101010
011100001
100100001
100100110
011111001
011111001
100100010
101110100
100100111
100100010
011010101
100100110
100101001
100101010
011111110
011111010
100101011
100101011
100100110
111110101
111110101
010110101
101101011
011111110
010010001
011111010
100011110
110101100
100101011
100100010
101101100
100100101
101110100
100101010
100101010
100100110
100100110
011111001
100100010
101101100
100100110
100011101
010010000
100100011
101100111
100101001
101101100
101110100
100101010
100101010
100100111
100100010
111110101
110110100
100100010
011100010
010010001
101101100
100100010
101101011
100100010
100100010
100100110
101101100
101110100
110110101
100100010
100100110
101110100
101100111
101100111
101101111
011111101
100011110
011111101
100100110
100100111
100101011
100100111
100101010
011111110
011011001
100100010
101100111
101101011
101101100
011100010
011100010
011111110
011111110
101101111
101100110
100011111
100100010
100100010
101110100
101110100
110110100
011111001
101110100
101101010
101100111
011111001
101101010
100100001
010110100
100100111
100100110
100100010
011111110
100100010
100100110
100100110
100100111
010001100
101100111
101101011
010111001
011011110
010010101
100100110
010001101
011111110
110110011
101101011
101101111
101101111
011111110
011111101
100101011
101101100
101101011
100100110
010110101
010111001
011100010
100100010
100100010
100101010
100100010
101110010
100101000
100101010
100100011
011100010
011011001
011010101
010001101
101101011
100100111
100101011
010111001
011100010
100100010
100100010
100100110
100100001
101101110
101101111
110110101
101101111
100100110
101110100
100101010
010111010
010001101
010111001
011100001
100101011
100100010
101101011
101101100
101101111
101101011
100100010
010010001
010010000
011111110
011010101
100011111
100100010
100100111
100100111
100101011
011100001
100101010
100011110
101100111
100100110
101110011
101101010
100100010
011100010
011100001
101101001
011011101
011100010
011011110
011011010
100101010
100101010
011100010
011100010
100100110
101110100
101101011
100100110
011111110
010110101
011111101
100011110
101101011
011111110
100100011
100100011
100100111
101101111
101101011
101101111
101110011
101110011
101101101
110110100
100100110
101101010
110110100
011011110
110110111
101101111
011011101
100101011
100101010
100100110
100101010
100100101
100100110
100100110
100100110
100100110
011111101
100101010
100101011
100011110
100011110
100011110
101101100
100100111
100011110
100100011
011111110
100100110
011111101
110110100
011100001
101101101
100100010
110111101
101110100
011011110
011111101
011111101
100100101
100100101
101110100
101110100
100101001
101101111
100100110
011100010
011100001
100101100
100100101
100100010
100100011
011111010
100100010
100100010
101100111
101101111
100100010
100011110
101101011
100100111
101101111
011010101
100100111
101110100
010110001
110110100
100100110
101101100
011100110
011011110
010110001
101101111
100100110
101101110
010010101
011011010
011111110
100101011
100100110
100101011
011010101
011111101
011111010
101100111
011010110
101101100
100100010
101101100
110110100
101101111
100100110
100100101
011100001
100100110
101110011
100100110
