101101100
011011010
010010001
101101100
101100100
100100100
110110101
101101100
101101100
100100011
010110101
100100011
110101100
101100100
101100100
100100100
011111110
100100011
011100011
101101100
011111110
100101011
011100010
011011110
011111101
100100010
100100110
100100111
011100010
101101011
100100111
101101011
101101101
100100100
011111111
100100011
110110101
110101101
101100100
100100011
100011110
100011110
100100011
011010110
101101100
101100100
011100011
101101101
100100011
011100011
010110110
011111110
100100011
100100111
100100010
100011110
100100111
011111110
100100110
101101100
011100010
100100111
011111110
101100111
110101101
101101101
010010001
010110001
110101101
101101100
100011110
101101101
100100011
011111010
101101100
100100100
100100100
101101100
101100100
100100111
100100011
100100111
100100011
011011010
011111110
011111110
011111110
100100011
100100111
100100010
100100110
011100110
101101100
100100111
100100111
100100010
110101101
011111011
100100011
011010110
110110110
101101101
010010001
100100100
100100100
101101100
101101101
101100100
100100011
101101100
101101100
100100011
100100010
110101101
101101100
011100010
011111110
101101011
100100010
100101100
100100011
100100010
011010110
101101100
100100011
101101100
011111101
101101100
011111111
101101100
110110101
011111111
001001000
101100100
011011010
010010001
011111111
101101100
011011110
100100011
100100011
100100011
100100011
011100010
100100111
100100111
101100111
011100010
010010110
010010101
100100111
100100111
011100010
011011101
100100011
100011111
100100011
101101011
011111110
100100111
011010110
110110110
101101100
101100100
001101101
101101100
010010001
011111111
011111111
100100100
100100100
100100011
100100100
011111110
101100111
100101011
011111110
011111110
100100111
011100010
100100011
100100111
100100010
100101011
011100010
010111001
100100011
100100111
101100100
011011101
100100010
101100100
010110010
110101101
101101101
011111110
011111011
101100100
100100100
101101100
011111111
101100100
101101100
100100011
100100010
100100011
100100011
101101101
100100100
100100011
011011010
011111011
100100100
101101101
100100011
101101101
011011101
011111110
101101100
100100110
011011010
100101011
011100010
011111110
010110110
101101101
101101101
101101100
100100011
101101101
101101100
100011111
100100100
100100011
100100011
100100100
101100111
011111010
101100100
110110110
110110101
011011010
010010001
101101101
011011011
101101100
100100011
011111110
100100111
011111110
101101100
101100111
011100011
101101011
100100110
011111110
010010001
011010110
011111011
100100011
101101100
101101100
101101100
101100100
100100011
100100011
101101100
101100100
101101100
100100011
100011111
011011010
100100011
110110110
100100100
100100100
101100011
100011110
101101100
011111110
100101011
101101100
100100011
010110110
011111111
011011101
011100010
011111010
100100011
100100111
011111111
101101100
110110110
100100111
100100100
100100100
101100100
101100100
100011111
100100011
101100111
010110101
010010001
010110101
010110110
110110110
110110101
011111010
101101011
011111110
011111110
101100111
011011001
100100011
011011010
100011110
110110110
011100010
011100010
101100100
100100100
100100011
100011111
100100100
100100100
101101100
011111010
101101100
101101100
101101100
101101101
101101101
011111110
100100111
100100001
100100111
011100010
100100010
100011110
101101100
011111110
100100110
101101011
101101011
100100010
101100111
101100100
100100011
100100111
100100011
100011111
110110110
100100011
011011010
001101101
100011111
101101100
101101100
011011110
100100111
101101100
101101100
101100100
110101101
011111110
100100111
100100010
100100011
100100010
011100010
011111110
100011110
101101011
100100010
101100010
110101011
100100010
100100010
110101101
100100011
100100011
011111110
101101100
101100100
101101100
101101100
011011010
100100011
100011111
100011111
100100011
100100100
100100011
100100011
101101101
101101100
010110101
100100111
100100011
101100111
100100010
100100111
011111110
100100011
100100111
110110100
101101011
110110101
101101100
101100100
110110101
101100111
101101101
101101101
101101101
100011110
100100100
011011001
100011111
100100011
101100100
101101100
100100111
101101101
100100011
011100011
101101101
100100100
100100111
100100100
010010001
100100010
101101100
101100111
100100011
101101011
101101100
100100011
100100111
100100011
100100010
100100010
110101100
101101100
011111110
110110110
101100100
101101100
100100111
100011110
100100100
101100100
101101100
101101101
100100011
101101101
101110101
011111010
100100111
100100011
100100011
101101100
100100111
011111110
010111001
101100111
100100011
101101100
100011110
101101100
101100111
100011111
011111110
101100111
101101100
110101100
011011010
100100111
101101011
100100100
011111110
101100100
100100011
100100111
101101100
101100100
100100011
101101101
100100111
100100111
101101100
011100011
100100111
100100011
101101101
101101100
100100111
011111110
100100010
101101101
100011111
100011110
100100011
011111110
011111111
001110001
100011110
100011110
011111001
101101100
110101101
100011110
101101100
101100111
100100011
101100111
101100100
100100100
101100100
100100011
100100100
101101100
100011110
101101100
101101100
101101100
101101100
100100100
101101100
101101100
010110101
101100100
100100011
011111110
011111110
011111010
100100011
011011010
100100100
010001101
011010101
110110101
101101100
011111001
011111010
101101101
011111111
101101100
101101100
100100011
101101101
100100100
100100100
101101101
011111010
100011111
100100100
101101101
101100100
101100100
100100100
110101101
100100100
011011010
100100111
100011110
100100011
011010110
101101101
100011110
101101101
101101101
010110101
101100100
101101100
100111101
011111110
011111111
010110001
101101101
011111110
100101100
100100100
100011111
100100111
100100011
011111110
100100111
110101101
110110101
101101101
100100100
101100100
101101101
100100011
001101101
101101100
100011111
011111110
011011010
100100100
101100100
011111010
101101101
101101100
110101100
110110110
101101011
101101011
100100100
101101101
100100100
101101100
011011010
110101101
110110101
100011110
100100111
011011010
101100100
101101100
100100100
110110101
100100100
101101101
101101100
101101101
100100100
101101100
101100100
100011111
100100100
010010001
011111010
100100011
101101100
100011111
100100111
101101100
100100011
100011110
100100011
100100100
011011010
101101100
100100111
100100011
011011001
011100010
100100011
101101100
100100100
101101100
101101100
101101100
100100100
101100100
101101100
100100011
011100011
100100011
101100100
100011111
100100011
100100100
100011110
100100011
100100011
100011110
100100110
100100010
100100010
100011111
101101100
100100100
010110110
100100011
101101100
101100100
101101100
011011010
011100010
101101100
100100111
100100100
110101101
110101101
100100100
100100011
101100100
100100111
101101101
110110101
100100100
011111111
100100011
101100100
101100100
100100011
101101100
001101100
100100111
011111101
010111001
100100111
100100100
011011110
011111110
010010110
011011010
100100011
011100010
100100011
011100011
100101011
011111110
011111111
101101101
110101101
101101101
100100100
101101101
101101100
100100100
100100111
100100011
101100111
101100111
100011111
100100111
011011110
101100111
011011010
101100111
100100011
010010001
100100100
101101101
101101101
100100100
001101101
010001101
100100011
100100111
100100011
101101100
011100010
011011110
010010001
100100100
101101101
110101101
101101101
101101100
101101101
011111111
100100011
100100011
101101011
101100111
011111110
011011110
011100010
011111110
011111010
100100111
101101100
100100011
101100111
100100011
101101101
101101101
011111011
010010010
100100100
110110101
100100100
100100100
100100111
100100111
010110101
011011010
011111111
100100011
101100100
101101101
101101101
101101100
100100011
101101100
101101011
101101100
100100010
100100011
011100110
100100110
110110110
011111110
100100011
100100111
101101011
011111110
101101100
110101101
011111111
010111010
010010001
010110110
011011010
011100011
100101011
100101011
100101011
100100100
011111110
101101100
101101100
011111111
100011111
100011110
100011110
100100011
101100111
110101101
101101100
100100010
100100011
110110101
101100111
100100011
100011110
101101100
100100100
011111010
101100100
101101100
101101101
110110101
010010010
001001101
011011001
100100011
011011110
010110101
011100010
100100111
100100011
100100011
100100011
101101101
101100100
100100111
101100011
101101100
110110101
110101101
100011110
100100111
011111110
100100110
100100010
010110101
100100011
011111010
101101100
100100011
100100100
101100100
100100011
101100100
011011111
001110001
011100010
011100010
011011010
101101100
101101100
011111110
011100010
011011010
100100011
100100011
100100011
101101100
100100111
011110101
101101100
110110110
101101101
100100011
010110110
100100110
101100111
100011110
100100011
101101100
110101101
011111010
101101101
110101101
010010001
100100011
100100110
011100010
011011110
011011110
101101011
101101011
011011101
100100011
100100111
010010101
011011110
101101011
100100010
101101100
100100010
101100111
100100011
101101100
110110110
110110101
010110001
110101101
100011110
100100011
101101100
100100010
101101100
101101101
100100100
100100011
101101100
101101100
100100100
101101100
010111001
011100110
100100110
100100011
010011001
010011001
010111101
100100111
100100111
011111010
011111010
100011110
101101100
101101100
100100011
110110110
110110110
100100011
010010001
011111110
011111110
100100010
100100010
100100010
101101101
101101100
100100011
100100011
101101101
110110101
101101101
101101101
010010101
011011110
011111110
100100011
100100110
101101011
100100011
100100011
101101101
100011110
011111010
101100010
101100111
101101100
100100011
100100011
100100011
100100011
101101100
100100111
101101011
101100111
100111101
101101100
101101100
100100100
100100100
100100100
100100100
101101101
101101101
100100111
100100111
011111110
011111110
100100111
100100111
100011110
101101100
101101101
110110110
100100111
100100010
100111101
100100011
110110110
100111110
100111101
101101100
100011111
100100011
101101100
101101100
101100111
101100110
101100111
