111111111
111111111
111111111
111111111
111111111
111111111
111111111
110111111
110111111
111111111
110111111
111111111
111111111
111111111
111111111
111111111
111111111
111111111
111111111
111111111
111111111
111111111
111111111
111111111
111111111
111111111
111111111
111111111
111111111
111111111
111111111
111111111
111111111
111111111
111111111
111111111
111111111
111111111
111111111
110111111
111111111
111111111
111111111
111111111
111111111
111111111
111111111
111111111
111111111
111111111
111111111
111111111
111111111
111111111
111111111
111111111
111111111
111111111
111111111
111111111
111111111
111111111
111111111
111111111
111111111
111111111
111111111
111111111
111111111
111111111
111111111
111111111
111111111
111111111
111111111
111111111
111111111
111111111
111111111
111111111
111111111
111111111
111111111
111111111
111111111
111111111
111111111
111111111
111111111
111111111
111111111
111111111
111111111
111111111
111111111
111111111
111111111
111111111
111111111
111111111
111111111
111111111
111111111
111111111
111111111
111111111
100100100
011111011
101101101
101100100
011111011
110110110
111111111
111111111
111111111
111111111
111111111
111111111
111111111
111111111
111111111
111111111
111111111
111111111
111111111
111111111
111111111
111111111
111111111
111111111
111111111
111111111
111111111
111111111
111111111
111111111
110110110
100100100
110101101
101101100
100011111
100111110
011010101
011010110
011111010
100011111
100100011
100100011
101101101
110110110
110110110
110110110
111111111
111111111
111111111
111111111
111111111
110111111
110110111
110111111
111111111
111111111
111111111
111111111
111111111
111111111
111111111
100100100
101110101
100101101
010010010
000110011
001110010
100111110
100011001
001001001
001001101
001101101
001101101
010110001
011010110
011010110
100011111
100100011
101101101
111111111
111111111
111111111
111111111
110110111
110110111
110111111
111111111
111111111
111111111
111111111
111111111
111111111
101101101
110110101
100100100
000110011
000010100
000110100
001010111
011111010
101011101
001001110
000001010
000001010
000001010
000001010
000001010
000101001
001001001
011010110
100011111
111111111
111111111
110110111
110110110
101110110
101110110
110111111
111111111
111111111
111111111
111111111
111111111
101101101
101101101
100100011
000101110
000110100
000111101
000110100
000110011
011011011
101011110
010110001
000001010
000001010
000001010
000001010
000001010
000001010
000101001
010001101
100011010
111111111
110110111
110110111
101110110
101110110
101110111
110111111
111111111
111111111
111111111
111111111
111111111
100100100
101101101
001001110
000010100
000110100
000111101
000110100
000110100
001110111
100111110
100111110
000101010
000001010
000001010
000001010
000001010
000001010
000101001
000101001
011111010
011111111
110110111
110110111
100101110
101110110
101110111
110111111
111111111
111111111
111111111
111111111
110110110
110101101
011011010
000101111
000010100
000110100
000111100
000110100
000110100
000101111
100111111
101100010
010010010
000001010
000001010
000001010
000001010
000001010
000001001
000101001
010001101
011111010
110110111
110110110
100101110
101110110
110110111
110110111
111111111
111111111
111111111
111111111
101101101
110110100
100100010
001010010
000110100
000110100
000110100
000110100
000110100
000110100
011011011
100111110
011111010
000101010
000001010
000001010
000001010
000001010
000001010
000101001
000101001
011111010
100011111
101110110
100101110
101110111
110110111
110110111
111111111
111111111
111111111
111111111
100100100
111110101
111110011
101101011
010111011
001010011
000110100
000110100
000110100
000110100
001110100
011111010
100011010
001001110
000001010
000101001
000001010
000001010
000001010
000001001
000001010
010110001
100011010
110110111
101101110
101110111
110110111
110110111
111111111
111111111
111111111
111111111
011111100
110110110
111110101
111110011
110101111
101100111
011011010
010011011
000110011
000110011
001010011
011111010
100011010
010001101
000001010
000101001
000000101
000101010
000101001
000101001
000101001
001001001
100111110
100100011
101101110
101110110
110110111
110110111
110111111
111111111
111111111
111111111
011100100
011101110
101110110
110110100
111110100
110101111
110101111
110101111
101101011
101100111
100100011
100011110
100011001
011110101
010010001
011010110
011010110
011110101
011110101
011110110
011110101
011110110
100111010
011111010
101101110
100101110
101110111
110110111
110111111
111111111
111111111
111111111
010111100
011110111
001101110
010100100
101101100
110101111
110101111
110101011
101100111
101101011
110101011
100100011
101100111
101100011
010110001
100111110
100111110
101011110
101100010
110101011
110101011
110101011
110101111
100100011
101101110
100101110
101110110
110110111
110111111
111111111
111111111
111111111
011011111
011101101
001101110
000100101
000100101
001111101
011100011
101101011
110110011
110110011
111110011
101101011
110101111
110101011
100011001
110101111
110110011
110101111
110101011
101100111
101100111
100100010
110101011
100100011
101110110
101101110
101101110
110110111
111111111
111111111
111111111
111111111
011111111
101110110
010100100
000111101
000100110
000100110
000100110
001100101
001111101
010100101
011100100
101100100
110101010
101100110
001101101
010010111
001010010
000101110
000110011
000110011
000110100
000101110
101101100
101101100
101110110
101101110
101110110
101110111
111111111
111111111
111111111
111111111
010111100
100101110
110110101
100100011
001011100
000111101
000100110
000100110
000100110
000100110
000111101
101101100
111110010
100100010
000101111
000110100
000010011
000010100
000110100
000110100
000010100
001110010
110110100
110110111
101110110
100101110
100101110
101110110
111111111
111111111
111111111
111111111
010111100
011110111
001111101
100101011
110101011
011011010
010011011
001011101
000111101
000111100
001011100
101101011
111110110
011010101
001010010
001010011
001110111
001110011
010010110
010010110
010110110
011111010
110110101
101101101
101110110
100101110
100101110
101110110
111111111
111111111
111111111
111111111
010010111
011110110
000100110
000111101
001111100
011011111
101100111
101101011
101101011
101101011
101101100
110101110
111110010
100011001
101100111
110101011
101101011
101100111
101100011
100100010
100100011
101100111
101101100
110110111
101101110
011100101
100100101
100101110
111111111
111111111
111111111
111111111
011011011
011100101
000011101
000100110
000100110
000100110
001100101
001011101
010100100
010111100
100100011
110101111
110101010
010110010
010010110
001010010
000101110
000110011
000110011
000110011
001010011
110101100
100100100
100100100
100100100
011100100
011100101
100101110
111111111
111111111
111111111
111111111
010110111
101101101
001111011
000100101
000100110
000100110
000100110
000100110
000100110
000011101
101101101
110101011
101100111
001101101
000110011
000010100
000110100
000110011
000110100
000010100
001110011
110110100
101101101
100100100
011100011
011100100
100101110
100101110
111111111
111111111
111111111
111111111
011011111
011101101
101101101
010011100
000111101
000100110
000101110
000100110
000100110
000111101
110110101
101101100
110110100
011111010
001010011
000010100
000110011
000110011
000110100
000110100
010111011
101100100
100100100
100100100
101101101
100101110
100101110
100101110
111111111
111111111
111111111
111111111
100100100
011101101
001100101
101101100
101100111
001110111
001100101
000011101
000100110
001111100
110110100
110101100
101100111
010010010
000101110
000101110
000101110
001101110
010010110
011011010
100011110
100100100
101110110
101110110
101110110
100101110
100101110
100101110
111111111
111111111
111111111
111111111
111111111
101101101
001111101
000111100
011100111
101101111
100011110
010110110
010010111
010010010
101101010
110101011
011110101
100111110
101100111
101101011
101101011
101101100
101101011
100100011
101101011
101101101
101101110
100101101
100101101
100101110
100101110
100101110
111111111
111111111
111111111
111111111
111111111
101101101
101101101
001011100
000011101
010100101
010100100
011100011
100100100
100100100
110101111
111110011
001101101
010010110
001110111
001110111
001010011
000110100
000110011
010010110
110110100
110110110
101101101
101110110
101110110
100101110
100101110
100101110
111111111
111111111
111111111
111111111
111111111
111111111
100101101
110110101
011100100
010100101
000011101
000100110
000100110
011100101
111110010
101101010
000101110
000110011
000010011
000110011
001001110
001110010
001101101
100111110
110110101
110110111
110110110
110110110
100101110
100101110
100101110
100101110
111111111
111111111
111111111
111111111
111111111
111111111
110110111
101101101
101101100
110101100
011100011
010011011
000110011
101100100
111110010
100011110
010001101
011011010
100100010
101100111
110101011
110101100
101100111
100100011
101101100
110110111
110110111
101110110
100101110
100101110
100101110
101101110
111111111
111111111
111111111
111111111
111111111
111111111
110110111
110110111
110111111
101100100
110101100
110101111
110101100
110101011
110101110
100011001
110101011
110101100
101101100
101100100
100100100
101101100
110110110
111111111
110111111
110110111
100101110
100101110
100101110
100101110
100101110
101110111
111111111
111111111
111111111
111111111
111111111
111111111
110110111
110110111
110111111
110111111
110110110
110110101
100100011
011111111
100011111
100100011
110110110
110110110
111111111
111111111
111111111
111111111
111111111
111111111
110110111
101110110
100101110
100101110
100101110
101110111
101110111
110110111
111111111
111111111
111111111
111111111
111111111
111111111
110110111
110110111
110111111
110111111
111111111
111111111
111111111
111111111
111111111
111111111
111111111
111111111
111111111
111111111
111111111
111111111
111111111
111111111
110110111
101110110
101101110
101110110
101110110
101110111
101110111
110111111
111111111
111111111
111111111
111111111
111111111
111111111
110110111
110110111
110110111
110111111
111111111
111111111
111111111
111111111
111111111
111111111
111111111
111111111
111111111
111111111
111111111
111111111
111111111
110111111
110110111
101110111
101110111
101110111
110110111
110110111
110111111
111111111
