111101111111100111111010
111101001111011111111001
111100001111010011110111
111011111111001111110111
111100011111010111111001
111100011111010111111001
111010111111000111110101
110111111110100111110000
110111111110100011101111
111000101110101011110001
110111111110101011110010
111001101110111111110101
111010001111000011110110
111001101110111111110110
111001111111000011110111
111010011111000011110111
111010101111000111110111
111011001111001011110111
111011001111001011110111
111100001111010011111000
111101011111011111111010
111101101111100011111010
111101111111100111111010
111101111111100111111010
111101111111100111111010
111101111111100111111010
111110001111101011111011
111110001111101011111011
111110011111101011111011
111101101111100011111001
111101011111011111111001
111101011111011111111001
111110001111101011111011
111101011111011111111001
111100101111011011111001
111100001111010011111000
111100001111010111111000
111100001111010011111000
111000011110101011110010
110111111110100111110000
111011111111001111110110
111100001111010011110111
111010101111000111110110
111100101111011011111000
111011101111001111110111
000100000001000000010000
000100000001000000010000
000100000001000000010000
000100000001000000010000
000100000001000000010000
000100000001000000010000
111100101111011011111001
111101101111100011111001
111101111111100111111010
111110001111101011111010
111110001111101011111010
111110011111101011111011
111110001111101011111011
111110001111101011111010
111110001111101011111010
111110001111100111111010
111101101111100011111001
111101011111011111111000
111100011111010011110111
111101111111100111111010
111101011111100011111010
111100111111011011111001
111100011111010111111000
111011111111001111110111
111010111111000111110110
111000101110101111110010
111010011110111111110100
111100111111011011111000
111011111111001111110111
000100000001000000010000
000100000001000000010000
000100000001000000010000
111011100100000100110001
111111110101001000100000
111111110101001000100000
111111110101001000100000
111011100100000100110001
110101010011000101000001
000100000001000000010000
000100000001000000010000
000100000001000000010000
111110001111101011111011
111110011111101011111011
111110011111101011111011
111110011111101011111010
111110011111101011111010
111110011111101011111010
111110001111100111111010
111101101111100011111010
111101101111100011111010
111011101111001011110101
111101111111100111111010
111101001111011111111010
111100101111011011111001
111100001111010011111000
111010101111000111110110
111001111110111111110101
111100101111011011111000
111101011111011111111001
000100000001000000010000
000100000001000000010000
111011100100000100110001
111111110101001000100000
111111110101001000100000
111111110101001000100000
111111110101001000100000
111111110101001000100000
111111110101001000100000
111111110101001000100000
111111110101001000100000
100000110001000000010000
110111101101010111010101
110101010011000101000001
000100000001000000010000
000100000001000000010000
111101111111100011111001
111101111111100011111001
111101101111100011111000
111101101111011111111000
111101111111100011111001
111100111111011011111000
111011111111001111110110
111001101110110011110001
111101111111100111111010
111101001111011111111001
111100101111011011111001
111100001111010111111000
111011001111001011110111
111100001111010011111000
111101101111100111111010
000100000001000000010000
111011100100000100110001
111111110101001000100000
111111110101001000100000
111111110101001000100000
111111110101001000100000
111111110101001000100000
111111110101001000100000
111111110101001000100000
111111110101001000100000
111111110101001000100000
111111110101001000100000
100000110001000000010000
110111101101010111010101
110111101101010111010101
111011100100000100110001
110101010011000101000001
000100000001000000010000
111101101111011111110111
111100111111010111110110
111100111111010111110110
111100011111010011110101
110111011110011011101101
110101011101111111101001
110110011110001111101100
111101111111100111111010
111101001111011111111010
111100101111011011111001
111011111111010011111000
111011111111010011110111
111100101111011011111000
000100000001000000010000
111011100100000100110001
111111110101001000100000
111111110101001000100000
111111110101001000100000
111111110101001000100000
111111110101001000100000
111111110101001000100000
111111110101001000100000
111111110101001000100000
111111110101001000100000
110101010011000101000001
100000110001000000010000
100000110001000000010000
000100000001000000010000
110111101101010111010101
111011100100000100110001
111111110101001000100000
110111101101010111010101
000100000001000000010000
111011111111001011110011
111011101111000111110010
111010011110111011110001
110011011101101011100100
110001011101010111100010
110101011110000111101011
111101001111011111111001
111100111111011011111000
111100111111011011111001
111100011111010111111000
111100111111011011111001
000100000001000000010000
111011100100000100110001
111111110101001000100000
111111110101001000100000
111111111000001101011010
111111111000001101011010
111111111000001101011010
111111110101001000100000
111111110101001000100000
111111110101001000100000
111111110101001000100000
111111110101001000100000
111111110101001000100000
111111110101001000100000
100000110001000000010000
101101001010110010111101
110111101101010111010101
111011100100000100110001
111111110101001000100000
110111101101010111010101
110111101101010111010101
000100000001000000010000
110101101101111011100100
110001001101001011011110
101110011100101111011010
101111111100111111011110
110110111110011011101111
111100111111011011111000
111100011111010011111000
111100101111010111111000
111100101111011011111001
000100000001000000010000
111011100100000100110001
111111110101001000100000
111111110101001000100000
111111111000001101011010
111111111010110010011100
111111111010110010011100
111111111010110010011100
111111111000001101011010
111111110101001000100000
111111110101001000100000
111111110101001000100000
111111110101001000100000
111111110101001000100000
111111110101001000100000
111111110101001000100000
100000110001000000010000
110101010011000101000001
111111110101001000100000
111111110101001000100000
111011100100000100110001
110111101101010111010101
110111101101010111010101
000100000001000000010000
101100111100010111010101
101101001100100011011000
101111111101000111100000
110111101110100011110001
111011011111000111110101
111011101111001011110110
111100011111010111111000
000100000001000000010000
111011100100000100110001
111111110101001000100000
111111110101001000100000
111111110101001000100000
111111111000001101011010
111111111010110010011100
111111111010110010011100
111111111010110010011100
111111111000001101011010
111111110101001000100000
111111110101001000100000
111111110101001000100000
111111110101001000100000
111111110101001000100000
111111110101001000100000
111111110101001000100000
111111110101001000100000
111111110101001000100000
111111110101001000100000
111111110101001000100000
111111110101001000100000
110111101101010111010101
110111101101010111010101
101101001010110010111101
000100000001000000010000
101011011100010011011000
101111101101001011100011
110101001110001011101101
111010011110111011110011
111011001111000111110110
111100011111010111110111
000100000001000000010000
111111110101001000100000
111111110101001000100000
111111110101001000100000
111111110101001000100000
111111111000001101011010
111111111010110010011100
111111111010110010011100
111111111010110010011100
111111111000001101011010
111111110101001000100000
111111110101001000100000
111011100100000100110001
110101010011000101000001
100000110001000000010000
100000110001000000010000
110101010011000101000001
111111110101001000100000
111111110101001000100000
111111110101001000100000
111111110101001000100000
111111110101001000100000
110111101101010111010101
110111101101010111010101
101101001010110010111101
000100000001000000010000
101100101100100111011100
110000101101010111100100
110011111101111011101011
111000111110100111110000
111011001111001011110110
000100000001000000010000
111011100100000100110001
111111110101001000100000
111111110101001000100000
111111110101001000100000
111111110101001000100000
111111110101001000100000
111111111000001101011010
111111111000001101011010
111111111000001101011010
111111110101001000100000
111111110101001000100000
111111110101001000100000
111111110101001000100000
111111110101001000100000
111111110101001000100000
111111110101001000100000
100000110001000000010000
110101010011000101000001
111111110101001000100000
111111110101001000100000
111111110101001000100000
111111110101001000100000
110111101101010111010101
110111101101010111010101
101101001010110010111101
101101001010110010111101
000100000001000000010000
110010011101101011101000
110011001101111111101101
111000111110100111110000
111011001111000111110110
000100000001000000010000
111111110101001000100000
111111110101001000100000
111111110101001000100000
111111110101001000100000
111111110101001000100000
111111110101001000100000
111111110101001000100000
111111110101001000100000
111111110101001000100000
111111110101001000100000
111111110101001000100000
111111110101001000100000
111111111010110010011100
111111111000001101011010
111111110101001000100000
111111110101001000100000
100000110001000000010000
110101010011000101000001
111111110101001000100000
111111110101001000100000
111111110101001000100000
111111110101001000100000
110111101101010111010101
110111101101010111010101
101101001010110010111101
101101001010110010111101
000100000001000000010000
110001101101011111100110
110001111101101011101001
111000001110101011110010
111011111111010011110111
000100000001000000010000
111111110101001000100000
111111110101001000100000
111111110101001000100000
111111110101001000100000
111111110101001000100000
111111110101001000100000
111111110101001000100000
111111110101001000100000
111111110101001000100000
111111110101001000100000
111111110101001000100000
111111110101001000100000
111111111000001101011010
111111111000001101011010
111111110101001000100000
111111110101001000100000
111111110101001000100000
100000110001000000010000
111111110101001000100000
111111110101001000100000
111111110101001000100000
111111110101001000100000
110111101101010111010101
110111101101010111010101
101101001010110010111101
101101001010110010111101
000100000001000000010000
110010001101100111100111
110011101101111011101100
110110101110010111101110
000100000001000000010000
110101010011000101000001
111111110101001000100000
111111110101001000100000
111111110101001000100000
111111110101001000100000
111111110101001000100000
111111110101001000100000
111111110101001000100000
111111110101001000100000
111111110101001000100000
111111110101001000100000
111111110101001000100000
111111110101001000100000
111111110101001000100000
111111110101001000100000
111111110101001000100000
100000110001000000010000
110111101101010111010101
110111101101010111010101
111011100100000100110001
111111110101001000100000
111111110101001000100000
111111110101001000100000
110111101101010111010101
110111101101010111010101
101101001010110010111101
101101001010110010111101
101101001010110010111101
000100000001000000010000
110011101101111111101101
110110001110001011101100
000100000001000000010000
111111110101001000100000
111111110101001000100000
111111110101001000100000
111111110101001000100000
111111110101001000100000
111111110101001000100000
111111110101001000100000
111111110101001000100000
111111110101001000100000
111111110101001000100000
111111110101001000100000
111111110101001000100000
111111110101001000100000
111111110101001000100000
111111110101001000100000
111111110101001000100000
100000110001000000010000
110111101101010111010101
110111101101010111010101
110101010011000101000001
111111110101001000100000
111111110101001000100000
111111110101001000100000
110111101101010111010101
101101001010110010111101
101101001010110010111101
101101001010110010111101
101101001010110010111101
000100000001000000010000
110010111101110111101100
110111111110011111101110
000100000001000000010000
111111110101001000100000
111111110101001000100000
111111110101001000100000
111111110101001000100000
111111110101001000100000
111111110101001000100000
111111110101001000100000
111111110101001000100000
111111110101001000100000
111111110101001000100000
111111110101001000100000
111111110101001000100000
111111110101001000100000
111111110101001000100000
111111110101001000100000
100000110001000000010000
000100000001000000010000
000100000001000000010000
110111101101010111010101
110101010011000101000001
111111110101001000100000
111111110101001000100000
111111110101001000100000
110111101101010111010101
101101001010110010111101
101101001010110010111101
101101001010110010111101
101101001010110010111101
000100000001000000010000
110001011101100111101011
111001111110110111110010
000100000001000000010000
111111110101001000100000
111111110101001000100000
111111110101001000100000
111111110101001000100000
111111110101001000100000
111111110101001000100000
111111110101001000100000
111111110101001000100000
111111110101001000100000
111111110101001000100000
111111110101001000100000
111111110101001000100000
111111110101001000100000
111111110101001000100000
100000110001000000010000
110111101101010111010101
110111101101010111010101
110111101101010111010101
110111101101010111010101
110101010011000101000001
111111110101001000100000
111111110101001000100000
111011100100000100110001
110111101101010111010101
101101001010110010111101
101101001010110010111101
101101001010110010111101
101101001010110010111101
000100000001000000010000
101111001101001111101000
111100011111010011110111
000100000001000000010000
111111110101001000100000
111111110101001000100000
111111110101001000100000
111111110101001000100000
111111110101001000100000
111111110101001000100000
111111110101001000100000
111111110101001000100000
111111110101001000100000
111111110101001000100000
111111110101001000100000
111111110101001000100000
111111110101001000100000
111111110101001000100000
100000110001000000010000
110111101101010111010101
110111101101010111010101
110111101101010111010101
110111101101010111010101
110101010011000101000001
111111110101001000100000
111111110101001000100000
110111101101010111010101
101101001010110010111101
101101001010110010111101
101101001010110010111101
101101001010110010111101
101101001010110010111101
000100000001000000010000
101011001100100011011111
111101101111100011111010
000100000001000000010000
110101010011000101000001
111111110101001000100000
111111110101001000100000
111111110101001000100000
111111110101001000100000
111111110101001000100000
111111110101001000100000
111111110101001000100000
111111110101001000100000
111111110101001000100000
111111110101001000100000
111111110101001000100000
111111110101001000100000
100000110001000000010000
110111101101010111010101
110111101101010111010101
110111101101010111010101
110111101101010111010101
110111101101010111010101
111011100100000100110001
111111110101001000100000
111111110101001000100000
110111101101010111010101
101101001010110010111101
101101001010110010111101
101101001010110010111101
101101001010110010111101
101101001010110010111101
000100000001000000010000
101001111100001111011100
111110011111101111111100
111110101111110011111100
000100000001000000010000
111111110101001000100000
111111110101001000100000
111111110101001000100000
111111110101001000100000
111111110101001000100000
111111110101001000100000
111111110101001000100000
111111110101001000100000
111111110101001000100000
111111110101001000100000
111111110101001000100000
111111110101001000100000
100000110001000000010000
110111101101010111010101
110111101101010111010101
110111101101010111010101
110111101101010111010101
110101010011000101000001
111111110101001000100000
111111110101001000100000
111011100100000100110001
101101001010110010111101
101101001010110010111101
101101001010110010111101
101101001010110010111101
101101001010110010111101
000100000001000000010000
100000011001111010111110
100101011011001011010000
111110101111101111111100
111110101111101111111100
000100000001000000010000
111111110101001000100000
111111110101001000100000
111111110101001000100000
111111110101001000100000
111111110101001000100000
111111110101001000100000
111111110101001000100000
111111110101001000100000
111111110101001000100000
100000110001000000010000
111111110101001000100000
111111110101001000100000
110101010011000101000001
110101010011000101000001
110101010011000101000001
110101010011000101000001
111011100100000100110001
111111110101001000100000
111111110101001000100000
111111110101001000100000
101101001010110010111101
101101001010110010111101
101101001010110010111101
101101001010110010111101
101101001010110010111101
101101001010110010111101
000100000001000000010000
011111101001110010111100
100100011010111011001101
111110011111101111111100
111110101111101111111100
000100000001000000010000
110101010011000101000001
111111110101001000100000
111111110101001000100000
111111110101001000100000
111111110101001000100000
111111110101001000100000
111111110101001000100000
111111110101001000100000
111111110101001000100000
111111110101001000100000
100000110001000000010000
100000110001000000010000
111111110101001000100000
111111110101001000100000
111111110101001000100000
111111110101001000100000
111111110101001000100000
111111110101001000100000
111111110101001000100000
111011100100000100110001
101101001010110010111101
101101001010110010111101
101101001010110010111101
101101001010110010111101
101101001010110010111101
101101001010110010111101
000100000001000000010000
100001001010000111000000
100100101010111111001111
111110101111110011111100
111110011111101111111100
111110101111101111111100
000100000001000000010000
111111110101001000100000
111111110101001000100000
111111110101001000100000
111111110101001000100000
111111110101001000100000
111111110101001000100000
111111110101001000100000
111111110101001000100000
111111110101001000100000
111111110101001000100000
111111110101001000100000
111111110101001000100000
111111110101001000100000
111111110101001000100000
111111110101001000100000
111111110101001000100000
111111110101001000100000
111011100100000100110001
101101001010110010111101
101101001010110010111101
101101001010110010111101
101101001010110010111101
101101001010110010111101
101101001010110010111101
000100000001000000010000
100001111010010111000101
100010101010100111001011
100010101010100111001010
111110011111101111111100
111110011111101111111011
111110011111101111111100
000100000001000000010000
110101010011000101000001
111111110101001000100000
111111110101001000100000
111111110101001000100000
111111110101001000100000
111111110101001000100000
111111110101001000100000
111111110101001000100000
111111110101001000100000
111111110101001000100000
111111110101001000100000
111111110101001000100000
111111110101001000100000
111111110101001000100000
111111110101001000100000
111111110101001000100000
111011100100000100110001
110101010011000101000001
101101001010110010111101
101101001010110010111101
101101001010110010111101
101101001010110010111101
101101001010110010111101
101101001010110010111101
000100000001000000010000
100011011010101111001010
100010111010100111001011
100001111010010111001000
111101111111101011111011
111110001111101011111011
111110001111101011111011
111101111111100111111010
000100000001000000010000
110101010011000101000001
111111110101001000100000
111111110101001000100000
111111110101001000100000
111111110101001000100000
111111110101001000100000
111111110101001000100000
111111110101001000100000
111111110101001000100000
111111110101001000100000
111111110101001000100000
111111110101001000100000
111111110101001000100000
111111110101001000100000
111011100100000100110001
110101010011000101000001
101101001010110010111101
101101001010110010111101
101101001010110010111101
101101001010110010111101
101101001010110010111101
101101001010110010111101
000100000001000000010000
100110111010110110110010
100011001010101011001011
100011011010110011001100
100001001010001111000101
111101111111101011111011
111101111111101011111011
111101111111101011111011
111101111111100111111010
111101101111100111111010
000100000001000000010000
110101010011000101000001
111111110101001000100000
111111110101001000100000
111111110101001000100000
111111110101001000100000
111111110101001000100000
111111110101001000100000
111111110101001000100000
111111110101001000100000
111111110101001000100000
111111110101001000100000
111011100100000100110001
110101010011000101000001
110101010011000101000001
110101010011000101000001
101101001010110010111101
101101001010110010111101
101101001010110010111101
101101001010110010111101
101101001010110010111101
000100000001000000010000
101100001100000011001000
101101001100101011011011
100010111010100111001011
100011011010110011001110
100010001010011011000111
111101101111100111111010
111101101111100111111010
111101101111100111111010
111101101111100111111010
111101101111100011111010
111100111111011111111001
000100000001000000010000
110101010011000101000001
111111110101001000100000
111111110101001000100000
111111110101001000100000
111111110101001000100000
111111110101001000100000
111111110101001000100000
111011100100000100110001
110101010011000101000001
110101010011000101000001
110101010011000101000001
110101010011000101000001
110101010011000101000001
101101001010110010111101
101101001010110010111101
101101001010110010111101
101101001010110010111101
101101001010110010111101
000100000001000000010000
110001001101010011011110
110000001101000111011110
100101001011000111001101
100010111010101011001011
100001101010010111000111
100110011011011111010101
111101011111100011111010
111101101111100111111010
111101101111100111111010
111101101111100111111010
111101011111100011111010
111100101111010111111000
110100011101111111101100
000100000001000000010000
110101010011000101000001
111111110101001000100000
111111110101001000100000
111011100100000100110001
110101010011000101000001
110101010011000101000001
110101010011000101000001
110101010011000101000001
110101010011000101000001
110101010011000101000001
110101010011000101000001
101101001010110010111101
101101001010110010111101
101101001010110010111101
101101001010110010111101
101101001010110010111101
000100000001000000010000
110100011101110111100101
110010101101100111100011
101110111100111111011110
100000111010001011000010
100010101010011111000111
100010001010011011000111
101000011011111011011010
111100101111011111111010
111101001111011111111010
111101101111100111111010
111101101111100011111010
111101011111100011111010
111100101111011011111001
110011101101110011101011
110100011101111111101100
000100000001000000010000
000100000001000000010000
110101010011000101000001
110101010011000101000001
110101010011000101000001
110101010011000101000001
110101010011000101000001
110101010011000101000001
110101010011000101000001
110101010011000101000001
101101001010110010111101
101101001010110010111101
101101001010110010111101
101101001010110010111101
000100000001000000010000
000100000001000000010000
110111111110100011101110
110100011101111011101000
100111111011100111010010
100100001010110011001000
100011001010100111001001
100100111011000011001110
100101101011001111010010
101101011101000011100110
111100011111010111111001
111100111111011111111010
111101011111100011111010
111101011111100011111010
111100111111011111111001
111100101111010111111000
110001001101011011101000
110010001101100011101001
110101101110000111101101
110111111110100011110000
000100000001000000010000
000100000001000000010000
000100000001000000010000
110101010011000101000001
110101010011000101000001
110101010011000101000001
101101001010110010111101
101101001010110010111101
101101001010110010111101
000100000001000000010000
000100000001000000010000
000100000001000000010000
111100001111001111110110
111011001111000111110101
110010001101100111100110
101101011100101011011101
100101011011000011001101
100110011011010011010000
100111001011100111010101
101010101100010111100000
101010111100011011100000
110001111101111111110001
111011111111010011111000
111100111111011111111010
111101011111100011111010
111101011111100011111001
111100011111010111110111
111011111111001111110110
110001001101010111100111
110001011101011011101000
110101011110000011101101
110111101110011111110000
111001101110110111110100
111010001110111111110101
111100001111010111111000
000100000001000000010000
000100000001000000010000
000100000001000000010000
000100000001000000010000
000100000001000000010000
000100000001000000010000
111101101111011111110111
111101011111011011110111
111101001111011011110111
111011101111001011110110
111010011110111111110101
110000011101001111100011
101101111100110011011111
101001101011111111010111
101010011100001011011001
101001111100001111011101
101110001101001011101000
101111101101011111101010
110011101110001111110011
111011001111001111111000
111100101111011011111001
111100111111011111111010
111101011111011111111001
111010011110111111110010
111001101110110011110000
110100101101111111101011
110001011101011011100111
110011111101110111101011
110101011110000111101101
111001111110111011110100
111010011111000011110101
111011111111010011110111
111100101111011011111000
111100111111011011111001
111101101111100111111011
111101111111100111111011
111101111111100111111010
111101111111100111111001
111101111111100011111000
111101011111011111110111
111100111111011011110111
111001101110111011110011
110100111110000011101100
110010111101101011101000
101111011101000011100001
101110011100110111100000
101111001101001111100101
110001011101101111101101
110001011101101011101011
110100011110010011110010
111000111110111111110111
