111111111
111111111
111111111
111111111
111111111
111111111
111111111
111111111
111111111
111111111
111111111
111111111
000000000
000000000
000000000
000000000
000000000
000000000
000000000
111111111
111111111
111111111
111111111
111111111
111111111
111111111
111111111
111111111
111111111
111111111
111111111
111111111
111111111
111111111
111111111
111111111
111111111
111111111
111111111
111111111
111111111
111111111
000000000
000000000
000000000
110110110
010100100
010100100
001011011
100101101
000000000
000000000
111111111
111111111
111111111
111111111
111111111
111111111
111111111
111111111
111111111
111111111
111111111
111111111
111111111
111111111
111111111
111111111
111111111
000000000
000000000
000000000
000000000
000000000
000000000
001011011
010010010
011010111
110101101
101110101
010100100
001011011
100101101
000000000
000000000
111111111
111111111
111111111
111111111
111111111
111111111
111111111
111111111
111111111
111111111
111111111
111111111
111111111
111111111
111111111
000000000
000000000
011101101
010101101
001100100
010100100
010100100
010011111
101110010
110010010
111010111
101101010
010100101
010111111
001111111
100101101
000000000
000000000
111111111
111111111
111111111
111111111
111111111
111111111
111111111
111111111
111111111
111111111
111111111
111111111
111111111
111111111
000000000
100101101
010101100
011110101
010101100
011111101
100111110
011111101
010101101
011101101
101110110
100100100
010110111
100100100
011100100
000101001
110110110
000000000
000000000
111111111
111111111
111111111
111111111
111111111
111111111
111111111
111111111
111111111
111111111
111111111
111111111
111111111
000000000
000000000
011100100
010101101
011111101
100111110
100111110
011111101
011111101
011110101
010101101
010101101
010110101
100110011
010110111
001010110
011100100
100101101
101110110
000000000
000000000
000000000
000000000
111111111
111111111
111111111
111111111
111111111
111111111
111111111
111111111
111111111
111111111
000000000
011100100
011101100
100111110
100111110
100111110
100111110
011111101
011111101
011111110
011110101
010110101
011100100
011110010
010100100
000101001
001011111
010101101
100101101
100101101
100101101
101110110
000000000
111111111
111111111
111111111
111111111
111111111
111111111
111111111
111111111
111111111
000000000
110110110
100111110
100111110
100111110
100111110
100111110
100111110
100111110
100111110
011111101
010110101
010110101
100110010
010011011
001011011
000101101
010110101
001100100
001100100
011110101
100100100
101101101
000000000
111111111
111111111
111111111
111111111
111111111
111111111
111111111
111111111
000000000
101110110
011110101
100111110
010101101
010101101
100111110
011111110
010101101
010101101
011111101
011110101
011110101
100110010
100100101
010100100
000100100
011110101
010110101
010110101
010101100
001110010
100100100
000000000
111111111
111111111
111111111
111111111
111111111
111111111
111111111
111111111
000000000
100101101
001100100
010100100
001100100
001100100
011111110
010100100
010101100
011111110
011111101
011110101
011110101
100110010
111010010
010100100
000100100
001010110
001100100
010101100
010101100
000101101
100100100
000000000
111111111
111111111
111111111
111111111
111111111
111111111
111111111
111111111
000000000
100101101
001100100
001100100
001100100
011111101
100111110
011111110
011111110
100111110
011111101
011110101
010100100
100001010
111010110
010100100
000100100
001100100
000110110
001100100
001100100
001010110
100100100
000000000
111111111
111111111
111111111
111111111
111111111
111111111
111111111
000000000
000000000
100101101
001100100
001100100
011111101
100111110
011111110
011110101
011110101
011111101
010110101
011110101
001111111
011100101
111010110
010100100
000100100
001100100
000101001
001100100
001011011
100100100
000000000
111111111
111111111
111111111
111111111
111111111
111111111
111111111
000000000
000000000
101110100
010100110
011110101
100111110
100111110
100111110
011110101
011110101
011110101
010100100
010100100
010101100
001010110
011100001
110110110
010100100
000100100
001100100
001111111
000100100
011111111
000000000
111111111
111111111
111111111
111111111
111111111
111111111
111111111
000000000
000000000
101110100
101110110
011101111
010101100
011111101
011111110
011111110
011110101
011010111
100010111
111010111
101101010
100011011
001010110
011100001
010011011
001100100
000100100
001100100
001111111
010010010
000000000
000000000
000000000
111111111
111111111
111111111
111111111
111111111
111111111
000000000
110111101
100110010
101111111
011101111
010101101
011110101
011110101
010110101
011100100
110100101
110101110
111101110
111100100
100011011
010111111
011101110
010011100
001011011
000101101
001100100
001011011
001110110
110110110
100101101
100100100
000000000
111111111
111111111
111111111
111111111
111111111
000000000
101110100
101111010
101111111
011101011
011110101
011110101
011110101
001100100
110110110
110111100
110010111
110001010
111111011
100111011
011100100
010100100
001100100
000101001
001100100
001011111
001011011
001011111
010101100
011100100
010010110
000000000
111111111
111111111
111111111
111111111
111111111
000000000
100110010
101111111
101111111
011100110
011101100
011110101
011110101
010101101
011100100
110110110
110110110
111100100
111101101
011111011
001011011
001100100
001100100
000101001
001100100
001100100
001100100
001100100
010101101
011101101
010010110
000000000
111111111
111111111
111111111
111111111
111111111
000000000
100110010
101111111
100110011
010101011
011110101
011110101
011110101
011110101
010100100
010111111
100101101
110110110
101110110
010010110
001011011
001100100
001010110
001010110
001100100
011110101
010101101
001100100
010101100
010101100
001110010
000000000
111111111
111111111
111111111
111111111
111111111
000000000
011101010
101111111
100110010
010011010
001010110
001100100
010101100
010101100
010101100
001011111
001100100
011101101
010100100
001111111
001100100
001011111
001011011
001100100
001100100
010101100
010101100
001100100
001100100
001011011
011011111
000000000
111111111
111111111
111111111
111111111
111111111
000000000
011100110
101111111
100110110
100110010
100110111
001110101
000101001
000101001
001100100
001100100
001100100
001100100
001100100
001100100
001011011
001011111
001100100
001111111
000110110
001100100
001100100
001100100
001011011
011011111
000000000
111111111
111111111
111111111
111111111
111111111
111111111
000000000
011100001
101111010
100110110
100110110
101111111
101111011
101111011
101111011
000101001
000101001
000101001
001010110
001100100
001100100
001100100
001100100
001100100
001100100
001100100
000110110
000110110
000110110
011100100
000000000
111111111
111111111
111111111
111111111
111111111
111111111
000000000
000000000
011100001
100110001
100110110
101111111
101111111
101111111
101111111
101110110
100110010
000110010
001010110
001100100
001100100
001100100
001100100
001100100
001100100
001100100
001100100
000100100
000100100
010010010
000000000
111111111
111111111
111111111
111111111
111111111
111111111
111111111
000000000
011011101
101110110
100110001
100110001
101111010
101111111
101111111
101110110
101110110
101110110
011101001
010100101
001011010
001100100
001100100
001100100
001100100
001100100
000110110
000100100
001100100
001100100
001011111
011011011
000000000
000000000
111111111
111111111
111111111
111111111
000000000
000000000
011100001
011101001
100110001
101110110
101110110
101110110
101110110
101110110
101110110
100110001
011101001
011101001
010100101
001011011
001011011
000110010
001011111
001111111
001100100
001100100
001100100
001100100
001100100
001010110
011111111
000000000
111111111
111111111
111111111
111111111
000000000
011100010
011101001
011101001
100101101
100110001
100110101
101110110
101110110
101110110
100110001
011101001
011101001
011101001
011101001
010100001
000110110
000110110
000110010
001100100
001100100
001100100
001100100
001100100
001100100
001010110
011111111
000000000
111111111
111111111
111111111
111111111
000000000
000000000
000101000
010111101
011100001
011100101
011100101
100101101
100110001
100110001
011101001
011101001
011101001
011101001
011101001
010100001
001100011
001011111
001011011
001100100
001011111
000110010
000110010
000110110
001011111
001010110
011111111
000000000
111111111
111111111
111111111
111111111
111111111
000000000
011011111
010011001
010010101
001101100
010011001
011100001
011100001
011101001
011101001
011101001
011101001
011100001
011100001
011100101
010100010
001100100
001100100
001100100
001011011
000110010
000110010
000110110
001011111
001010110
011111111
000000000
111111111
111111111
111111111
111111111
111111111
000000000
000000000
000000000
000000000
000000000
000000000
010111010
010111101
011101001
011101001
011101001
011101001
011100001
011100101
011101001
100101011
110110110
010100100
001011011
001100100
001011111
001011111
001011011
001010010
010010110
000000000
000000000
111111111
111111111
111111111
111111111
111111111
111111111
111111111
111111111
111111111
111111111
000000000
000000000
010111001
001110000
011101001
011101001
011101001
011101001
010100001
001110000
000000000
000000000
000000000
000000000
001110110
000110010
000110010
001110110
000000000
000000000
000000000
111111111
111111111
111111111
111111111
111111111
111111111
111111111
111111111
111111111
111111111
111111111
111111111
000000000
000000000
000000000
001101101
001001100
001001100
001001100
010111010
000000000
000000000
000000000
111111111
000000000
000000000
000000000
000000000
000000000
000000000
111111111
111111111
111111111
111111111
111111111
111111111
111111111
111111111
111111111
111111111
111111111
111111111
111111111
111111111
111111111
111111111
000000000
000000000
000000000
000000000
000000000
000000000
000000000
111111111
111111111
111111111
111111111
111111111
111111111
111111111
111111111
111111111
111111111
111111111
111111111
111111111
111111111
111111111
111111111
111111111
111111111
111111111
111111111
111111111
111111111
111111111
111111111
111111111
111111111
111111111
111111111
111111111
111111111
111111111
111111111
111111111
111111111
111111111
111111111
111111111
111111111
111111111
111111111
111111111
111111111
111111111
111111111
111111111
111111111
111111111
111111111
