001010110010100100011101
001001110010001000011001
001001010010001100011010
001001010010010000011010
001000100010010000011001
000111010010001000010110
000111100010001100010111
001001110010001100010101
001000010010010100001011
000101010010010100001010
000111100010010000010111
001100010010010000011110
001100100010001100010110
001001100010001100010101
001011000010000100010110
001011100001110100010101
001100010010000000011001
001100000010001000011010
001101010010100000010111
001101000010011100010101
001110000010110000010111
001101110010101100010101
001110000010110000010110
001100010010001100001111
001011100010000100001101
001010100010000000001111
001001010001111000010000
001000110001111000010100
001000010001101100010011
001010010010000100010011
001110010011000000100000
010000000011010100100001
001001110010010000100011
001001100010000100011000
001001010010000000011010
001010100010010000011100
001010110010010000011001
001010100010000100010100
001001000001110000001110
001001010010000000010001
001101100011001000010000
001111010011010000001110
001110010010010100010001
010001010010101100010100
010100110011100100010011
010101000011011000010100
010101000010111100010001
010110010011001000010111
010110110011101000011110
010111010100010000100111
010110110100010100101000
010101010100000000100011
010011110011100100011011
010110000100001000100011
011000110100110100101101
011010000100110000110001
011000010100001100100111
010101010011011100010110
010011100011000100001111
010010100010101100001111
010001010010011000010001
010001000010110100011100
010010010011100000100101
010010000011110000100011
001000010001111100100011
001010110010001000011010
001011010010010000011000
001100110010010000010100
010001100010111100011001
010011000010110100010001
010100010010111100001111
001101110010001000001011
001110000010000100000101
011001110100011000010101
011110110101001100010010
011011000011111000001001
011110000100010100010101
100110000110001100101000
100101110110110100100111
011111100110000100100011
011011000101011100110110
010110100100101001000100
010011010100010100111111
010001000011110100110101
001111010011011100101101
001110010011001100101000
010001010100000000110011
011010000110000001001000
100100011000001101011011
100100010111010100111111
100101110110100000101011
100111010101110100100011
100011010100100100011001
011100010100011000100011
010110100011111000100100
010010100011110000100110
001000000001111100100100
001001110001111100010111
001100110010100000010100
010011010011001100011000
010011100010101000001001
011100110100000100010011
100000000100001000001011
011101100100011100001100
010110010010110000001011
010100100010011100001010
100000000100111100001011
101100110111001000010101
110001100111111100011000
101110101000001100011101
100011100110011000101100
010100010011110100100111
010001000011111100111010
001110100011101100111100
010110110101100101010011
010101110101010001001110
010111010101101101010100
010010010100011100111110
001111000011101100110010
010010010100000000101101
100101111000011101100010
110000001010101001101011
110001101010010101001011
110001011001100100111000
101110101000100000101101
101000100110110000101011
011010000100010000011101
010000000010111100100000
000111100001111000011110
000111100001110000011000
001101010010011000010001
011111110100001000010110
011001110011101000000111
011111000100011000001000
101101000101111100001000
101100010101110100000101
101100100101010100000110
100100110101001100001001
101000110110010000001110
110011011000100000011110
101111101000110100110010
100000000110001100101001
010101100100000100101111
010100000100011000111011
100001111000001001110000
100000100111111001101100
100001111000010001110100
100101011001001010000100
101011011010100110011100
101010111010011110011100
100011101000100101111111
010111010101011001000101
010110110100101100111000
101010101001111001111011
110101011011001101011000
110110101011011001001111
110010111001111000111100
101101010111110000101000
011110100100101000010110
001110000010001000010110
000111000001110000011011
000111010001011100011011
001010100001110100010011
011001110011101100001100
101000100101101000001110
011110000011011000001000
101001010101101000010001
110110110111010000000110
110111100111010100000000
111000001000001100000110
111001111001101000001001
101100100111101100100000
010001110011111100101110
011010010101101001001101
100100001000010101101010
100101011000100110000001
100011101000011010000011
110010011100100010101111
100111011001101010001010
101101011011000110100100
101110011011010110101001
101011101010101010011111
101110001011010010101001
101110111011010110101011
010111100101001001001000
010100100100101100110101
110101111011110001110000
110111001011111101100110
110100001010100001001110
101101000111011000100111
011111010100100100010110
001111000010010000010100
000110100001101000011010
000101110001010000010100
000111110001011000010000
010011110010101100010001
101011100101101000001110
101011010101111000001010
011111000011011000000100
110011000111010100000011
110110111000110000000011
111010011001101000100000
101110100111110000100001
010000000011100000100111
010000100100011000111100
011100110111011001011001
100011101000011101110110
101100101010100110010111
101101101011000110011001
101111011100000010100110
101011011010101010011011
110001001100000110110100
110000101011111010110011
110000001011110110110010
110100001100110011000011
101111011011101110110010
100110011001010110001001
001110100011100100100110
101010011001001101010100
110101001100000001110010
110010011010010001010000
101101010110011000011111
100010000100100000010110
010000000010001100001111
000110010001100100011001
000101100001011000010111
000111100001100000010001
010010000010000100001101
100001100100000000000011
110001000110111000001001
100110110100110000000001
101000000101010000001100
110111101001011100010010
110001001001001000101001
010011100011101100101110
011010000101110101001010
011111100111100001110010
101010101010101110100010
101101001011000110101010
101001111010001110010100
101101001011000110100100
100111111001110110011110
110011001100100110111101
101111101011101010101111
101101001011000010100110
110100111100111111000110
101000101001110110010110
101001101010001110100000
101011011010100110100101
010100000100111101001001
100000110110110101000110
110100111100000010001001
110010011010011101011100
101111100110101100100000
100100010100100000010001
010011000010011100001111
000110100001101000011010
000110010001010100011001
000111100001011000010001
010010010001111100001000
011001100010101100000011
101110000110101000001010
110100100111010000001000
101111010111001000011000
111000111001110000011000
100001110110001100100001
010011110100010000111111
100011100111101101011010
011110100111100001100011
110011011100100010110001
101111101100000010100100
101000111010010110010011
110010011100011111000000
101001001010000010011001
110001011100000110110110
101101001011000010100101
110000111011111110110110
101000101001110110010111
101010001010001110011101
110011001100100011000001
110000001011101110101101
011010100110100101011101
011000100100110100101011
110011001011101010000011
110000111010100101010110
110000101000010100101010
100101110101011000010100
010101100010100100001111
000110010001101000011001
000111000001011100010111
001001100001110000010010
010011100010000000001000
011001000010100000000011
101001110101111000000110
110110101000001000000110
110110111001111000100011
100111000111000100110001
011000110101010001001001
011101110110111001011111
101011001010011110001111
101011101010110110011011
101010111010010110011010
110000011011111110110101
101001011010010010011001
110000011011111010101100
101100011010110110010110
101100111010111110100011
101110001011001110101010
101010111010011010011111
101110011011010010110001
101100011010101110101010
101011011010101110100100
110000001011101010111001
011011010110011101100010
010100110100010000101001
101111011010110010001111
101111001010100101100000
101101010111100100100101
100100110100111000010010
010101110010111000010100
000111000001110100011101
000111110001101000011000
001011000001110100010011
010100100010000100001100
011010000010111000000000
101000000101001000000101
110111111000111000000111
110000011001001100100110
010010100010111000110010
010011010100011100111010
010011010100010001000110
100111011001100101111111
110101111101010011001110
101000111010000110011000
110010011100011110111011
101100011010111010100000
101100101010111010011101
101111011011100010100111
101101101011001010100110
101000011001110110010100
101101101011000110101011
101000101001110010011010
101000101001110010011100
110110001101010111001110
101111011011101010110011
100000110111110001110101
010101000100101000101110
101110001010100110001100
101110011010011001100001
101100100110111100100001
100010010011111000000111
010011010010011100010001
001000000010000100011110
001000000001011100010100
001101010001111000010100
010111000010101000010001
011100110011011100000101
101101000110001100010000
111010001001101000010010
011110110110000000100000
010100100100010101001011
010111000101011101000010
001101010010101100101100
010110010101001101001011
100100011001000010001010
101001001010010010011100
101010101010100010100000
101011011010101010011111
101001101010001110010101
101011101010101110011100
101010011010010110011010
100100011000110110000011
100111011001100010010001
110001111100001010111101
110101101101000111001111
101000111010000010011011
100010001000010101110101
100100001000100010000000
011000100101011100111001
101110001010101110000000
101110011010010101011110
101110000111011100011111
100011010100010000001100
010011000010011000010011
001001010010011000100001
001010110010000000011101
001110110001111100010011
011000010010110100000111
100010110100100000010011
110010100111110000010101
110011101000111100011011
010000100011010000100000
011011110110110001100001
011100010110101101011001
100001000111111101110011
001110110011011000111000
001010100010100000100000
001111110100000000111010
011000010110000101011010
011111000111101001110010
100000100111111101110100
101010001010010010011001
100110011001010110001100
101011001010100010011111
101111011011100110110000
101001111010001110011100
101010001010001110011101
101111101011100110110010
101110011011010110100010
011101000110101101011111
011011100110001000111110
101101011010100001110100
110011001011101001101001
110001011000011100101000
100110100101001000010101
010011000010011100010011
000111110010000000011010
001011000010001000011010
010000010010001000001110
011010100011000100000111
100111000101010100001011
110101111001001100011001
100111000111001100101001
001111110011100000110010
100100101000101110000000
101101001010110110011100
101101111011100110101101
011111000111101001101110
010101010100111001001010
011110100111101001111000
010100110101001101001111
010111110101111101010111
001100100011000000100110
101010101010100010011101
100010001000010001111100
100111101001101010010001
101111101011101010110001
110100011100110111000011
111000001101110011010010
110111101101101011001100
101101001010111010100000
100010101000000001101110
100110011000111001100000
101011111010000001101110
110010001011011001011100
110001011000100100100111
101000000101110000010111
010101100011011000010110
000110010001101100010100
001010000001111100010001
010011000010110100010010
100000100100001100010110
101111010111000100001011
110011101001010100010110
010111010100010000100010
011001110110000001011010
100000000111010101101010
101000101001101110010001
101000111010011110010110
100100111001000110000010
101001001001101110010011
010100100101000101001110
011010100110100101100101
100111101001110110010111
001111100011110000110101
101010001010010110011100
011111000111011101110000
100011011000100110000000
100100101000111010000101
100101001001000010000101
100100011000110110000010
100000111000000001101110
101100111010110010100000
100001110111111001101000
101001001001101001100011
100100000111111101010010
110011101011101101011010
110010011000110000101100
101000100101111100010111
010110100011101100010100
000101110001011000010110
001001100001100100010010
010010100010101000010001
100101100101011000001101
110101100111110000001111
101010011000001100011110
001110100010111000110010
011011110110010101011010
101000101001110010010000
110011011100101010111110
110000011011110110110001
100111101001100110001100
100111001001011010001011
100111111001101110010010
010101000101000001001000
010000000011101100110111
011111110111101001110111
100111111001101010010110
100000000111110001110011
101101111011001110101010
110111101101101111010000
111010001110010111011001
111011011110100111011101
110110111101010111001011
100110101001011001111000
011110010111000001010101
101001011001100101100011
101001111001001101011111
110101101011101001010000
110010001000010100101010
101000110110001100100010
010110100011100100010011
000110000001100000011000
001010110001110100010011
010011110010101000010010
100110000101010000001011
110110101000010000011111
100000100110000100101100
001011010010100100110000
100000100111101001101011
110010001100001010110110
101011001010100010011100
100001101000000001110100
101000011001101110001111
100111101001100110001101
101011011010100110100000
011001100110001001011010
001111100011100100110011
101001101010000110011101
100001111000001001111110
101100101010111010100110
100101101001001010001001
100010111000011101111100
101001101010001010010110
110100001100110011000000
110000001011100110101100
100100011000101001101011
100101001000110001101000
100001010111100101001111
101111111011001001010001
110110011011110101000000
101111110111100100011011
100011110100111100010110
010101000011001000011010
000111000001101100011100
001011010001111100010101
010001110010001100010000
100100000100110100000101
110000010111010000001110
011010010101000100110000
010000100100011100110101
011111110111100101011111
100011101000100001111100
101101111011001110100111
101001111010001010010110
100101101001000010000100
100111111001101010001110
100100101000110110000100
011101000111000001100111
011110000111001101101100
100101101001000110001100
101000101001110110011001
100010011000010101111100
110011001100100110111111
110111001101100111001111
101110001011010010101001
100000010111110101110001
101001011001101110001100
100111111001001110000011
011111100111001001100110
100001000111011001000100
110111011100100101010000
110100001010011100101001
101111010111001000010010
100001110100011000010011
010001110010100000011011
000110100001101000011001
001001010001101000010110
001101010001011000010010
100001000100010000001101
101111010111011100011110
010111000100101000110110
001110110011110100101110
100010111000001101101011
101111111011100110101101
101110001011001110100111
100101111001001010000110
100111111001100110001101
101010101010010010011000
011101100111001001101000
011101100111001001101001
011110110111011101110000
101110001011001110101101
100111101001100110010101
101101101011001010101001
100110111001011110001110
110101101101001111001001
111011001110100111011101
101111001011011110101011
100100001000011001110001
100000110111010101101100
011001100101010101010011
101101011010010001000100
111010111100010001000111
110110101001101000100100
110001000111001000010001
100001110100011000010000
010000110010011100010111
000110100001100100011001
001001010001110100010101
001110010010011000001101
100010100101001000010000
110000111000001100100010
010110100100110000101100
010010010100010000111101
011110010110111001011100
100110011001010010000111
101110101011010110101001
100101011001000110000101
101100101010110010100000
101000111001111010010010
100011011000100101111111
011010100110011001011101
101000011001110110010110
101011011010100010100011
100011001000011110000010
101100001010110010100011
110001101100001010111001
011101100111001001100111
100101011001000110000110
100000000111101101101110
011100010110100001010000
011011000110001001000110
100010010111110001001011
111011001101010101010010
111101001011100100110101
111010001001001100011001
110011110111101000010110
100101110101100000011010
010010000011000100010110
000111110001100100010110
001110100010011100010101
011011000100010000010000
100111100110010000010111
110001101000000100011101
010101110100101100101111
010000010011111000111110
100110001000110101111110
110101001100111011000001
101010001010010010010011
101101011011000110100000
100100111000110110000000
101100111010110010100011
011111100111011101110010
011100010110101101100100
101111011011101010110000
100110001001011010001011
110001101100011010111001
100011001000111001111011
111001001110001111010110
110001001100000010110100
101100001010110010011000
101010001010000110010001
011100000110110001011011
011011000101100000111011
110011101011001001100000
111101011100111001000001
111101011011001100100110
111001101001110100100001
110000110111110000011000
100110010101110100010011
010110100011110000011000
000111000001010100010010
001101010010001100001111
011010110100001000001110
101000000110010000010010
110011001000001100011001
011010100101111000110011
001011000011000100110101
100001010111111101110010
100110011001010010000110
101101001011000110011110
101010011010010110010011
100100111000110110000001
110011111100100011000001
011010110110010101100001
100111111001101110010100
110100111100111111000100
100010111000100101111101
111001111110011111011001
100101011001010010000111
110000011011110010111101
110001101100000110110011
100000100111110001100110
011111110111010101101000
011001100101110101010111
100010110111110100111011
111010001101000001001110
111100111011101000110100
111101001001110000011110
111010101001101000100110
110011101000011000100100
100111000101111100010010
010111100011111100011001
000110010001010000010011
001001100001100000001000
010010010010011100001001
100100000101000000001100
110100101000010000011110
100001100111001100110110
001011010011001000111110
100010101000100110000000
100111111001100110001011
110000001011110010101010
100110001001010010000011
101000111001110010010000
101110101011010110101101
010111110101110001011000
101011001010100010100000
110100101100111011000100
100001101000001001110110
111010111110100111011011
101110111011011010101110
100100111000111110000000
011111010111010101100111
011010110110000001010101
100000000111001101100101
011011100101111101000001
110000111011010101000011
111100111101011001000010
111110101010110000110101
111110001000100000010010
111000011000001000010011
110101001000011000100110
101001010110100000011100
010110010011110100010111
000110010001011000010101
001001010001101000010000
001110000001101100010100
011110110011100100001110
110011000111101100011010
101001111000011000110111
001110000010111100110101
010110010101011101010010
100101111001000110000011
100111011001101010000111
100110111001011110000110
101110111011010110101001
011111000111011101101110
001101110011011000110001
100101001001001010001010
110111011101100111001111
100000000111101001101110
101011111010100110011010
101100101010110010010101
100000110111101001101000
011100010110001101011010
100001010111100001100000
011100110110011001000000
101011101001101001001001
111100101100111001000111
111101101011111000111100
111100101001011100100110
111100100111110100000110
111000000111010100001010
110010100111010000010111
101000110110010000011001
010111010100010000011101
000011100000101100001110
000111000001001000001011
001100100001100000010001
011101010011011000010011
110010010111110000001101
110100011010001000110111
011011110101010000111001
001100000010101100100101
100010001000001001110101
101000001001110010001010
100010101000011101110100
101101111011000110100100
011011100110101001100001
011001100110011101100001
100110101001100110010001
110100001100101111000001
101011111010011010011011
101010011001111110010011
011011110110010001010011
011011010110000001010011
100111101001000001110111
011100110110001001000111
101001111001110101001110
111011001101001001010011
111110011011010100110011
111110011010100000100111
111101101010000100100010
111010110111111100001001
111000100111000100001001
110001010110101000001110
100101110101011100001100
010110010100001000011010
000010010000011000000110
000110010000110000000011
001110100001111000001100
011100100011101100010110
101001010110011000001101
110111001010011100110010
101111111001100100111100
001110010011010000011110
001100100011000100101111
011110110111101101101011
101000101001110110001110
101000011001010010001111
010111010101001001001011
100111111001110110011000
101010111010100010100000
100101001000110110000000
101011101001111110010011
011011100101101001001101
011100010101110001000010
100101011000000101100100
011110100110101101000111
101111101010011101010000
111011101100100001001111
111011111011010000110100
111101101010001100100010
111110011000111100010000
111110111010001000100010
111011101001110000100101
110111000111010000001110
110000000110100000010100
100110110101001100001110
010110010011110100010100
000010100000010100000100
001000000000111000000000
010011010010100100000110
011001000011000000001000
011011100011100000000101
101110111000000000011100
111010101011101000111001
100110001000100001000011
001110100011000100101101
001011010010101000101110
010011010100101101000011
100001100111111101110100
011111010111001001100000
100110101001010010000100
100100101000110001111001
011010100101111001000110
011010000101010000110111
100001000110100101000110
101100101001101101101111
100110111000011001000110
110000111011010001011010
111101011100010001010101
111101011001100100100010
111110101001010000010111
111101111011000000100101
111011111001011100010000
111101111000101000001110
111011111010010000100101
110101111001010000100001
101101110110100100010101
100110010100111100001100
010111010011101100010100
000010100000011000000101
001000000000111100000001
010100100010111100000110
011000100011000000000110
011001110011001000000010
101010100110010000001001
111001001001110100100100
110111001011011101010100
101000011000101001010010
011000010101010100111011
010001110011110000110000
010010110011011100110000
011000100100110100111100
011000000101001000111011
011011010110000001001011
100101001000001101101000
101100101001101101110001
101111011010001001101011
101110101010101101101001
110110001100010001100011
111010111101010001011111
111010011010011100111011
111100011000100100011101
111011010111010100010000
111100001001000000100000
111110001010100100100111
111110101000101000010010
111100111000100000011010
110111011001101100101100
101111110111101100011110
100100110101010100001111
010110000011101100011001
000010000000010100000101
000100100000011100000001
001010100001011000000110
010000100001111000000110
010101110010100100000010
101001110101110100001001
110100110111111100001101
110101011001000000101000
110101101010001100110101
101111111010000000110111
101011101001011101000100
101001111000111001000110
101100111001110101010010
101110001010100101011000
101111001010111001011111
110001101011011001100011
110100011011111001011010
110110011100001101010001
110111011100011101011001
111001111100011001010101
111000111100001101001000
111000001010001100110000
110011110111100100011110
101110100101111100010000
110000100110000100001011
110101111001000000011101
111001101001111000100100
110111011000010100011011
110001011000010100011110
101111001000010000101001
100101000110010000100001
010101100011110100100000
000001000000010000000110
000001100000000100000001
000010000000001100000011
001001000000110000000001
010000000001110100000100
011110110100000100001001
100100010101000100000110
101010100101111000001110
101110100111000100011001
101101000111110000101111
101101001001000101000000
101101111010010001000111
101111101010110001011001
110000001010100001010100
101111011010011001010100
101111011010100001010001
110000001010011001001000
110000001010001000111110
110000101010001000110110
110010101001110000111111
101111001001000100110100
101101000111101000100101
101000110110001000100001
100011000100011000010000
100111000100101000001110
100110000101100000000111
101110010111111000011110
110001011000001100100100
101001000111000000010101
100111000110101100100100
100001100110001000100111
010101010100001000100110
000000010000001000000100
000000110000000000000000
000001110000001100000000
000110100000011100000000
001010110001000100000100
010000100010000000001010
001111000001111100001001
010100010010110100010000
011100100100100000010010
011101010100001100011101
011110100100101000101011
011110100101011000100000
100001010110011000101011
100001000110010100100111
100001010110100100101000
100011110111001100110001
100100000111000000110001
100010100110011100101011
100001010110010100100111
100000100101010000011001
011111010100111100011011
011101110011111000011000
011100100011101100010100
010111110011000000010101
011010010010111000011100
011010000010111100010010
011010100100000000010000
100000100101101100100100
100000000101011000011111
011101010100101000011010
011000110100011100010111
010011100011111100100101
000000110000001000000001
000000010000000100000000
000001010000001000000000
000010110000010000000000
000100100000100100000001
000110100000111000000100
000110100000111000000011
001001110001100000001011
001101010010011000010010
001110110010100100010110
001111010010110000011001
001110110010101100010100
010000000011000000011000
001111110010111100010111
010000100011001000011010
010011110011111100100110
010011110011111000100111
010010100011100000100001
010010010011010100100001
010000010010101100010111
001111100010100000010100
001111100010011000010101
001111100010011100010110
001110000010001100011000
001110100010010000011101
001110000010001100011001
001100100010000000010001
001110110010100100011001
010001110011010000100001
010001100011001000011110
001111010010111000011100
001101110010111000100011
