111111111
111111111
111111111
111111111
111111111
111111111
111111111
111111111
111111111
111111111
111111111
111111111
111111111
111111111
111111111
111111111
111111111
111111111
111111111
111111111
111111111
111111111
111111111
111111111
111111111
111111111
111111111
111111111
111111111
111111111
111111111
111111111
111111111
111111111
111111111
111111111
111111111
111111111
111111111
111111111
111111111
111111111
111111111
111111111
111111111
000000000
000000000
000000000
111111111
111111111
111111111
111111111
111111111
111111111
111111111
111111111
111111111
111111111
111111111
111111111
111111111
111111111
111111111
111111111
111111111
111111111
111111111
111111111
111111111
111111111
111111111
111111111
111111111
111111111
111111111
000000000
000000000
000000000
010110110
000000000
000000000
111111111
111111111
111111111
111111111
111111111
111111111
111111111
111111111
111111111
111111111
111111111
111111111
111111111
111111111
111111111
111111111
111111111
111111111
111111111
111111111
111111111
111111111
000000000
000000000
000000000
000000000
000000000
100001000
011101101
100101101
110110110
000000000
111111111
111111111
111111111
111111111
111111111
111111111
111111111
111111111
111111111
111111111
111111111
111111111
111111111
111111111
111111111
111111111
111111111
000000000
000000000
000000000
000000000
000000000
000000000
101111110
100101100
110101100
000000000
110100100
111100001
110110101
010001001
000000000
000000000
111111111
111111111
111111111
000000000
000000000
000000000
000000000
000000000
111111111
111111111
111111111
111111111
111111111
111111111
111111111
000000000
000000000
111101101
111011010
101110110
011011100
110101100
011010110
111110011
110100001
000100100
110101100
111100001
111111101
011101101
101101101
000000000
111111111
111111111
000000000
000000000
110101100
011010001
011010001
000000000
000000000
000000000
000000000
000000000
111111111
111111111
000000000
000000000
111011110
111101010
111100110
111100010
111100001
111100110
111100110
111110010
111100110
110111101
001101001
110010101
111010101
110110101
001101101
000000000
000000000
000000000
000000000
101111001
111011101
111100110
111100110
101111101
001101101
101110001
011001101
000000000
111111111
111111111
000000000
111100100
111101110
111110011
111101110
111100110
111100110
111100110
111100110
111100110
111100010
111100110
011001001
001000100
110110101
110110101
101110001
100100011
111110101
110100011
101010100
101110101
111111101
111011101
111100110
111111101
110110101
110110101
100111111
000000000
111111111
111111111
000000000
111100010
111100110
111101010
111100110
111100110
111100110
111100110
111100110
111100110
111100001
111100110
010101000
101111001
011101101
101101100
101001100
110011001
110100110
111101111
111110111
111110111
111100110
101011101
101110101
110110101
110110101
110110101
100001101
000000000
111111111
111111111
000000000
111011101
111100110
111100110
111100110
111100110
111100110
111100110
111100110
111100110
111100110
100001000
101101100
111011101
010101000
110110101
111101111
111110111
111110111
111110111
111110111
111110111
111110111
111101010
011010001
110010001
110010001
110010001
000000000
000000000
111111111
111111111
000000000
110111001
111100110
111100110
111100110
111011001
111100010
111100110
111100110
111100110
111111101
010000100
101101100
011101001
101001101
111100110
111101111
111110111
111110111
111110111
111110111
111110111
111110111
111101010
111101010
001000100
011001001
000000000
000000000
111111111
111111111
111111111
000000000
110111001
111100110
111100110
111010101
111100110
001110011
110110110
101011010
111100010
101001100
110110110
110110101
001000100
110110101
111100110
111101111
111110111
111110111
111110111
111110111
111110111
111110111
111101010
111101010
110100110
000000000
000000000
111111111
111111111
111111111
111111111
000000000
101111110
111100110
111100110
111100110
101011110
000001100
000110011
001100110
110110001
101101100
110110101
101010001
110010001
110110101
110110101
111100110
111110011
111110111
111110111
111110111
111110111
111101111
111101010
111101010
110100110
000000000
111111111
111111111
111111111
111111111
111111111
000000000
000000000
000000000
100110101
111100110
111011110
100001100
011101100
101110110
110110101
110110001
110110101
110110101
110110101
110110101
110110101
111010101
111100110
111100110
111101010
111110111
111110011
111011010
110110101
101010000
100001100
000000000
111111111
111111111
111111111
111111111
111111111
111111111
111111111
000000000
000000000
010110110
100101101
100101101
100101101
100101101
100101101
011110010
010110110
101110100
111011001
110110101
110010001
111100110
111100110
111100110
111100110
111100110
111011001
111100001
111100110
111011101
110110001
000000000
000000000
000000000
000000000
111111111
111111111
111111111
111111111
111111111
000000000
000000000
110110110
110110110
110110110
110110110
110110110
000000000
000000000
101110100
111100110
110110101
100101100
010001100
101010001
111100110
111100110
111100110
111100110
111100110
111100110
111100110
110110101
110110001
111011101
100110001
000000000
000000000
111111111
111111111
111111111
111111111
111111111
000000000
000000000
000000000
000000000
000000000
000000000
000000000
100001000
111100110
111010101
110110001
010101101
000000000
100100100
010010001
110111101
110111101
111100110
111100110
111100110
111100001
110110101
110110101
111100110
111101111
001001001
000000000
111111111
111111111
111111111
111111111
111111111
111111111
111111111
111111111
111111111
111111111
111111111
000000000
100001000
111100110
111010101
100101101
000000000
000000000
000000000
000000000
101101101
101101101
100110101
111100010
111100001
111010101
110110101
110110101
111011001
111100111
001001001
000000000
111111111
111111111
111111111
111111111
111111111
111111111
111111111
111111111
111111111
111111111
000000000
000000000
100101000
111011101
110110001
011011011
000000000
111111111
111111111
000000000
000000000
000000000
101101101
000100100
110110001
110110001
101110001
000100100
000100100
101110001
001000100
000000000
111111111
111111111
111111111
111111111
111111111
111111111
111111111
111111111
111111111
111111111
000000000
101100011
011101101
101001101
001000100
000000000
000000000
111111111
111111111
111111111
111111111
000000000
110101100
110010001
011101101
011110001
011110101
110101100
000000000
000000000
000000000
000000000
111111111
111111111
111111111
111111111
111111111
111111111
111111111
111111111
111111111
111111111
000000000
000000000
000000000
000000000
000000000
000000000
111111111
111111111
111111111
111111111
111111111
000000000
110101100
110010001
110110101
111100010
110100110
110101100
000000000
111111111
111111111
111111111
111111111
111111111
111111111
111111111
111111111
111111111
111111111
111111111
111111111
111111111
111111111
111111111
111111111
111111111
111111111
111111111
111111111
111111111
111111111
111111111
111111111
000000000
101110100
111011101
110110101
111100110
100110000
000000000
000000000
111111111
111111111
111111111
111111111
111111111
111111111
111111111
111111111
111111111
111111111
111111111
111111111
111111111
111111111
111111111
000000000
000000000
000000000
000000000
000000000
000000000
111111111
111111111
111111111
000000000
101110100
111100110
111011010
011010101
000000000
000000000
111111111
111111111
111111111
111111111
111111111
111111111
111111111
111111111
111111111
111111111
111111111
000000000
000000000
000000000
000000000
000000000
000000000
111100011
111001100
111010100
111010100
000000000
111111111
000000000
000000000
100101100
111100110
111011110
110101010
011010110
000000000
111111111
111111111
111111111
111111111
111111111
111111111
111111111
111111111
111111111
111111111
111111111
111111111
000000000
111110110
111011110
111011110
111100100
111100000
111011100
111011100
111110100
111101000
111100000
000000000
000000000
110101101
110111101
111100001
111100110
011010110
000000000
000000000
111111111
111111111
111111111
111111111
111111111
111111111
111111111
111111111
111111111
111111111
111111111
111111111
000000000
000000000
111111011
111110101
111110100
111110100
111010000
111001100
111011100
111101100
111010000
101001000
100101100
110011001
111100010
110011001
010010001
000000000
000000000
111111111
111111111
111111111
111111111
111111111
111111111
111111111
111111111
111111111
111111111
111111111
111111111
111111111
111111111
000000000
000000000
000000000
110110110
111111100
111110000
111100100
111110100
111110100
111100000
101101100
011110101
011110001
011001001
100100100
000000000
000000000
111111111
111111111
111111111
111111111
111111111
111111111
111111111
111111111
111111111
111111111
111111111
111111111
111111111
111111111
111111111
111111111
111111111
000000000
000000000
000000000
111101100
111100100
111110100
111101100
111001100
111101100
000000000
000000000
000000000
000000000
000000000
111111111
111111111
111111111
111111111
111111111
111111111
111111111
111111111
111111111
111111111
111111111
111111111
111111111
111111111
111111111
111111111
111111111
111111111
111111111
111111111
000000000
000000000
111100100
111100011
111100011
111101100
000000000
000000000
111111111
111111111
111111111
111111111
111111111
111111111
111111111
111111111
111111111
111111111
111111111
111111111
111111111
111111111
111111111
111111111
111111111
111111111
111111111
111111111
111111111
111111111
111111111
111111111
111111111
000000000
000000000
000000000
000000000
000000000
000000000
111111111
111111111
111111111
111111111
111111111
111111111
111111111
111111111
111111111
111111111
111111111
111111111
111111111
111111111
111111111
111111111
111111111
111111111
111111111
111111111
111111111
111111111
111111111
111111111
111111111
111111111
111111111
111111111
111111111
111111111
111111111
111111111
111111111
111111111
111111111
111111111
111111111
111111111
111111111
111111111
111111111
111111111
111111111
111111111
111111111
111111111
111111111
111111111
111111111
111111111
111111111
111111111
111111111
111111111
111111111
111111111
111111111
111111111
111111111
111111111
111111111
111111111
111111111
111111111
111111111
111111111
111111111
111111111
111111111
111111111
111111111
111111111
111111111
111111111
111111111
111111111
111111111
111111111
