010011000100011000110010
001011000010010100011001
001000110010001100011001
001000110010010000011010
001000100010001100011011
001000000010001000011010
000111100010000100011010
000111000001110100010111
000111000001101100010100
001000010001110100011001
001000110001110000100000
001001110001110000100110
001011010001110100101010
001011010001110000110001
001001110001100000110011
001000110001011000110000
001000100001011000101100
001000000001100000101101
001000010001100100101100
001000100001100000101010
001000100001100000101001
001000010001011100100110
000111010001100000011101
000110110001100100011011
000110010001100000011001
000101110001011100010111
000101010001011100010110
000101100001010000010110
000111100001101100011010
001100000010101100100001
001111100011100000100100
010001110100000000100101
001101110011001100101111
001001100001111100011110
001000010001111000011101
001000100001110100011110
001000100001101100011111
000111110001100000011110
000111010001010100011101
000111100001010100011111
001000100001011100100100
001001010001011000101010
001001100001001100101101
001011100001011000110110
001101110001011100111111
001101110001100001000111
001100000001001101000010
001010100001000100110111
001010100001010000110010
001010010001010000111010
001010000001010000111000
001001010001001100110011
001000110001001100101101
001000010001001000101010
000111000001001000100000
000110100001000100011101
000110000001000100011001
000101010001000000010101
000101010001000100010100
000101100001001100010111
000110110001100000010111
001100100010110000100011
001110100011001100100000
010100000100100100101111
001100000010110100101111
001001010001111100100001
001000110001111000100011
001001000001101100100101
001001100001101000101010
001001010001010100101011
001000110001000000101000
001001100001001100101100
001011100001011100111010
001100010001010101000011
001011100000111001000001
001100100001000101000110
001101010001100001010011
001101000001011001010001
001100100001001001001111
001100000000111101001110
001100010000111001001110
001100010000111101000111
001011100000111001000001
001010010000110100111000
001001010000110100110010
001000010000111000101101
000111100000111000101011
000110110000110100100110
000110010000110000100001
000110000000110100011100
000101110000111000011010
000101010001000100011011
000110010001010100011011
001010110010010100100010
001111100011011000101010
010100100100101000110111
001010110010110100101011
001000110010000000011111
001000100001101000100101
001000010001010100100110
001001100001010000101101
001010010001001000110011
001001100000110100101111
001001100000101100101111
001011110000111101000001
001100010000101101001011
001101010000111001010000
010010010010100101011110
011000000101101001101000
011001000101100101100111
010011100011100101011001
001110000001011101010111
001101100000110101100011
001110000000101001011100
001100110000101001010011
001011000000100001001001
001001100000100100111111
001000100000100100111010
000111110000100000110100
000110110000100000101111
000101110000011100100111
000101110000011100100010
000101110000100100011111
000101000000111000100010
000101110001000100100000
001000100001101100011111
001100110010101000100110
001110110011000100100111
001011100010101100101101
001001110001110100100100
001001100001100000101010
001001110000111100101111
001010100000111000110000
001001100000101100110101
001010010000101101000001
001101110000100101010011
001111010000110001100010
001101000000011101011000
010001110010100001100110
100100111000100010001001
100100101000011010010000
100000000111000110000110
011110000110110101111001
011001000101111001101011
010000010001101101101011
001100110000011101100011
001110000000001101110001
001011100000011101011110
001011000000001101010000
001100000000001001001101
001010010000001001000110
001001010000001100111100
001000100000001100111111
000111010000001000101101
000111100000011000101100
000111000000011100110011
000110110000110000101000
000111010001010000101000
000111100001100100101011
001000000001111100100011
001011100010101000101100
001001000001100100100110
001001110001010000110001
001010110000101100111001
001100010000101000111010
001100110000101001000100
001100110000001101010100
010010010000100001110101
010100010000110110001100
001101110000011001011011
010111110100100001110010
100111101001000110011011
010101110010111101111100
001110110001001001101000
010100110011001101110011
100010011000001010010001
011010010100111010000001
001011110000101101011110
001111100000000010000000
001101100000001101110000
001101010000000101100010
001101100000001001100001
001100110000001001011011
001011100000001001010101
001010110000001001001010
001001110000001001000001
001000110000001000111011
001000110000011100111110
001000110000101100111001
000111100000101100110011
000110110001000000101000
001001000010001000011001
001101100011001100101111
001010110001111100100011
001001100001001000101011
001100000000111101000001
001100110000011001000111
001110010000001001011001
010001010000010001111010
010101100000011010011001
011010100001000111000100
010000110000111001110101
011000100100111001111010
100001110110111110011011
010101000001010110000000
010011000000011010001010
010011110000110010010000
011001100100110010000110
100010010111110010010011
001011110001100001011000
010000110000000010001101
010000010000000010001000
001111000000000101111010
001110000000001001111001
001101100000000101110001
001101010000000001110110
001100000000000101100001
001011110000000001101100
001011010000000101100111
001010000000010001010010
001010010000101101000011
001010000001001000101110
001100100010001100100101
001101110010110100011101
010000000011111000110101
001110100010111100100111
001001110001100100100010
001010010001001000111100
001011100000101101001110
001110100000100001101101
010001110000100010010001
010111100000101111000000
011110110001100111101011
010010110001010010001110
011011000101100010001100
100110010111100110101101
010111100000111110101111
011001110000101011000100
011100000000100011100010
010100100010001010011000
101000001001110010101101
010001110011110101100101
010000010000000110010101
010000010000000010011101
001111010000000010001101
001110000000001010001101
001111000000001110001010
001101000000000010001100
001101000000000110000011
001101000000001010000111
001100010000001101111100
001001100000010001011000
001010100000111000111100
010001110011010000110010
010110110100110000110011
001111010010111000100101
010001010100010000110111
010101100100111000111011
010001110011111000111001
010011110100011001011010
010011110100000101100110
001111010010001001100011
001111100001011001110101
010100100000110110101001
011100010001011011001101
010001110001010110001011
011000100100110010001011
101101011001010110110001
011000000001100010011101
011001010000011110110101
011111100000011111110000
010110100001110010101011
101000001010000110100111
011010010110011101111011
001110010000001110010100
001110000000000010100110
001110000000000110010111
001101110000000010010111
001101000000000010010011
001101000000001010010010
001101100000010110010101
001011010000010001101100
001100010001000001011011
010000010010100101011010
010101000100000001011011
010100110100010100111100
011000110101100000111001
010010010011110000110000
010010110100100000111011
010111010101000000110101
011000110101101101000001
100111011001100010010100
101011011010101010100111
101100001010100110110101
101001101001100110101010
100000110110011110100001
010011100010001010000010
001111000000101001110100
010011010010010110000110
101010011001001010110010
011001100011110110000101
010100000000100010001001
100001100001000011110000
011000110001000110111101
100110101001010010111001
011011010111011110000010
001001110000010101110111
001011100000000010101001
001011100000000110010111
010000100000000110110110
010000110000001010101111
001101010000011101111011
010010000010100010000100
011110010110100010001100
101000111001011010100101
101100101010011110101010
101100011010001010110011
011000000101011001001001
011000110101101000110101
010011100011111100101110
010100110101000000111101
010110100100101000110110
010110010101000000111110
100100111000110010000100
101000101001101110011011
101011001010010110101111
110000011011110110110111
111000001101111111011000
101100111010100110111010
010110000010110110001110
010000010000110010001000
011110010101100010011100
100111111000101010100110
010010000000111110000001
011111110001000111110010
011100010001011111011010
100110011000101010110001
100100111001001110100111
001000100000111001111010
001110000000000010111110
010001000000001010111011
010101100000001011010110
001101010000011010011100
010101110011111001111111
101111011010111011001100
111010111110000011100100
111000101101001111100010
101110011010011110110000
101100011001111010100101
011001110101101101000100
010111110101000100110011
010011010011101000101000
010110010101001100111010
010110110100010000101110
010111110100011000110110
100110000111011001111100
100101100110110010001000
100001110101110010000011
100110000111101010000010
111000011101101010111101
111110001111000011011101
110001001010111111000010
010101100011001001110110
010001110010011001101000
100111011001000010011101
011110000101000010011001
011000000000111010111001
010110110000111010101000
011010110100110010010010
101001001001111110101111
001001000001100001010011
010101110000011010111111
010010000000001010011111
010000100001001101111000
011010110110000010011100
110010111100011011010100
110100101100011011001111
101100101001011110110011
100101000110110010100001
100001010110000010000010
101001101000101001110010
011001100101000000110111
010101000011111000101001
010010100011010000100000
010101100100111100110100
010110100100010000101100
010111110100100100101011
100100100110100001101010
011011100010110001111010
011100000010101110000001
100110100110011110000111
110111111100010110100011
111011101101100010101010
111101101110100111010011
110010101011111011000101
010000010010110001011011
010110010100011001111110
101101001001110110111000
010111010010100010011100
010001110000100110011111
010010100010001110000110
101110111011100011000111
001101110010010001011111
010110000000100110101000
010000010001010101111001
100011011000101010101010
110110001101000011011000
101101101001111010110101
100010100101110010010010
011111110011110110010111
011101000010101110000110
100001010101001001110101
101110111001110001011110
011010010100110100110100
010100100011101100100110
010010010011010000011101
010100000100011100101110
010100000011110100100011
010010100011011100011110
011110000100011001100100
011010100001101110001010
011100100010000110000111
101000000110100010001110
111000011100011010011010
111101011101000110011101
111010011100111110101100
111001101101011110110010
100111001000011010010001
001111010010001001100101
100000010110100110010101
100010100110111010101000
001111110001100001111100
001111100001010101111101
101000101001001010111001
011111110110001010011111
010001000010000001100001
011011000101001110000100
101110001001011010111000
100111010110011110100011
100001000011101010010010
011111000010000110001100
011101110001000110010110
011110000001011010000100
101001000110111001110001
110000111010000001011111
011010110101000100101011
010010100011010000011110
010001000011010000011100
010010000100000000101010
001111000010110100010111
010001000010101000010011
011111100011100001011010
011100000001000010001101
011100100001100010000110
101100000111010010001111
111101001101111010101010
111111001101111110101100
111100111101100110011101
111000101100110010001101
110101001011111010011001
011010000101001001111000
001101010001110101100000
100010010111101110000111
011001010100111001101110
001101000000101001111000
011101110101011010011100
110010011011101011000111
011101100110000110000011
011111100100111010000101
100010000011110010001001
100000100010111010001111
011111000001110110010111
011110110000101010001011
011101100000000110010110
100001010010101010000101
110011001010000001111011
110010001010001101101001
011100100101001000101011
010000100011000000011000
001111110011000000011011
010001100011111100101100
001101110010111000011100
001110100010001100010111
011110010011000001100001
011100110001100010010001
100000010011010010001100
101111001000100010010110
111110011110010110101011
111111011110100010101101
111110111110000110100111
111101101101101110011111
111100011101100110100000
101110011010110010010011
001100010001110101001100
010010100011011001101010
100111011000101010011010
010001000010000101111111
001111010001101101111001
101100111010101010110111
100100110111101010001111
011111010011110110000111
100001010011000010010100
100001000010111110001111
100000000010100010011100
011111000001101010001100
011101010001001110001101
100100010101000001111100
110100011010111101110001
110011011010101001101101
011110000101001000110100
010000100011001000011101
010000010011000100100000
010001100100000000101100
001110000011000100100001
001101000010000000100010
011110000011101001011100
011110100010111110001000
100001110100110010001111
110010001010010110011000
111111011110110110110010
111111001110100110101110
111110111110001010100101
111110111101111110100010
111111001110001010101000
111011111101110110110000
100000110111000101110111
001011110001010101110111
011100100110000010000011
011000000100101001110000
001010010000111001100011
010101100100011001111010
100100100111100110010100
011111100100011010001011
100000010011001010010101
100001000011010110010001
100000110011101010011011
011111010011101010001010
100000100100010010001000
100111110111010001111000
110101101011100101110010
110010101010100101101000
011101010101000100110111
001111100010111100100101
001111010010111100100001
010001110100000000101100
001110000011010000011000
001101010010010000011011
011111010100101100111111
100000010100100001101000
100001010101100110001100
110110011100001110100100
111111101111001110111010
111111011110111010110110
111110001110010010110000
111101101101111110101110
111111011110100010111010
111110011110011110111010
110101011100100010100100
010010010010111101111100
010001000010101101110010
100001110111011001111110
010000000010011101101100
001011010000111101101000
011110000101111010000010
100110000111010010010101
100000000100010010010001
011111100100000110001001
100010100101001010010110
100000110101100010001011
100001110110011110000101
100110010111101001110110
110101111011101110000000
110000101010010001100011
011101000101001100110101
001110110010111100100110
001111000011000000100011
010001010011111100101011
001110100011001100011000
001110010010011000010011
100001100101001101001001
100001100101000001110000
100010110110101010000001
111001111101011110101011
111111111111001110111110
111111101111000111000011
111111001111000011001011
111110011111000011010100
110111001101001110111111
101111001010101010100100
110110111100110110111110
100011000111011110010111
001100110001000101100111
011011000100101110000001
100000110110101010000001
010000000001101001100101
001110000001011101101101
011100110101110110001000
101111001001110010111000
100111110111111010100010
100011010110000110001010
100001100110000110001010
100000100110100110000100
100010100110101101111110
101110111001110101111101
110001011010100101101100
011101010101100000110001
001111000011001000100100
001110110011001100100011
010001010011111100101010
001110110010111100010100
001101110010010100011010
011110110100110001100101
011111110100110101111110
100101110111110110000000
111011101110101010101111
111111001111100011000100
111110111111010011010100
111111011111100011010110
110011101100100010111010
010110110100111001100011
001101110001011101011111
011001010101011110001101
101111011010101011000011
001101000001010101101001
001110100001001101110011
100001010110110010000100
011110010101101001101111
001100110001000101100110
001011100001101001011001
100100101000000110010011
111000111101001011010101
101111011010001111000000
101001001000001110100011
100110001000010010011001
100001010110011110000001
100110100111101101110111
110000111010101001111100
011101000101011000110011
001111110011001100011111
001110110011010000100001
010010010100001000101010
010001010011000100010100
001110000010100000011101
011101110101110101011001
100111011000001110001000
110100011011111111000110
111100111111000111100000
111101001111011111100111
111100001110110011100011
101110001010001111000001
011010000011110110101101
010011000000100110101101
011011100000100111000111
010001000001010110011100
100110111000111110010000
011100000100110010001101
011000100000011010111111
010101010010001010001101
100011001000011001110111
010011000011110101011001
010101000000111110010110
001100010001100001011100
011100110101111010010101
110000011100000111010100
110010111011111111000111
101111111011100011000100
101110001010110010110011
101110001010010110100101
110001101011100010011001
011011110101010100111011
010011010011101100100100
010000100011100000100010
010011100100001100101000
010011100011011000001101
010011010011101000100100
100010100111110001110101
110001001011110110110111
111000111101111011011001
111011101110111111011001
110101001101011111001111
100100011000000010100111
010011010001110110100001
010000110000000010111010
010011000000000110101111
010101010000001111001100
010001000000010110100111
011011000111000001110001
100010000111100010001110
011001110000101011000001
011001000000110111000010
011100000110001001110101
011101010110100101101101
010011100001000101111110
010110100001011110110000
001101100000110101100101
010001010100010101110011
101111001011110110111110
111001111101111011100011
110101101101001011011010
110010011100010111000000
110000101100000110101100
011010100101011101000010
010100110011111100100101
010001010011101000100010
010011110100010100101100
010111010100010000100000
011000110100111100111101
100111001001000110010101
101010101010011110101100
101001111001111010111000
100100000111111010101000
011000100100001010011011
001111000001000110001100
001110000000001010011010
001111100000000010101100
001111000000000110100101
001011110000000110110110
010000100000001110010101
010010100011101101011111
011111010110011101111101
010110110000111010100011
011111010000010111100010
010101010001010110000000
011111110110100101111100
010001000010111001100001
010110000000111110011011
011001000001101010100001
010010010001001110001101
010111010011100010000101
100110000111001110101001
101110001010011110110101
101111011011100010110100
101100111011100010110001
011000110101010000111110
011000100100101000100101
010010000011101100100111
010000100011110000101001
010101100100010000100010
010011010011110000101101
010100100011111101100110
010010110011100001110000
001110100001111001111011
001011110000101001111011
001100100000001010010000
001101100000001010100000
001101000000000010010011
001101100000000110011001
001110000000000110011010
001110000000000010100110
001100010000001110010011
001011000010001001011111
011010000101011101011001
010100000001000010000011
100000100000001111101000
010110000000011110100110
011011110100100010010010
011110000101100101111001
001111000000111001101000
011000100001001110011110
100001110001000111101101
010110100000101010110101
010000100000110001111010
010010010010001001111010
010011010011110001010010
010100000101000101011000
010101100100011000101001
011101000101101000101000
010000100011010000100111
001101110011000100101001
001100010001110100011110
001010100001000000101100
001011100000101101011010
001010110000010101100010
001011100000010001101111
001010110000000001101111
001100000000001001111100
001100100000000110000011
001101100000000010000101
001110000000000010001011
010000000000001010001110
010001010000000010100000
001101110000011010010010
001100100001011101101110
011100000101100101100010
010010100001010101111000
011001010000001111000001
011000000000011010111001
011001000010000010100001
011100100101111101101010
001111100001111001100100
010010010000011010001110
100001100000011011101101
011100100000110111011100
010010100000001010001110
010001010000100110000010
010000100000111001011000
001011000001010000110101
011010000101001100111100
011101010101111100110011
001110110011001000101110
001010010001110100100001
000111100000001000100110
001001100000000100111010
001011100000010001010010
001100000000001101011101
001100000000001001011100
001100000000001001011100
001100010000000001100110
001100100000000001101001
001101000000000001101111
001101110000000101110100
001111000000001001110111
001111110000001010000011
001101100000010110000000
001110010001001001110101
011101110101010101111001
010110110010010110001100
010011100000001010011111
011101000000011011011001
011000110001110010101100
011010110101111001001101
001111110010011001001110
001111000000010101111110
011011010000001011010110
011101100000101111011011
011100100000110110111001
011001000000100110011110
011000100000101010001010
010010000001000001011010
010001000010100100110101
010100000100000000110110
001101010011001100101101
001000000001011100011001
000101100000000000011110
000111000000000000101100
001000010000000000111101
001001010000000101001001
001010010000001101001101
001010010000001101001101
001010100000000001010100
001010110000000001010111
001011010000000001011101
001100000000000101100011
001101000000001001101011
001101110000000101111100
001101110000001110000100
001101110000101101111000
011100000101011001110110
011011110101011001110011
010010010000101110000100
011000010000110110110100
010100100010001010000000
011011000101111001001010
010010000010001001001111
010000000000011101111011
011010110000010110111100
011001000000010110110100
010111100000010110010000
010111100000100010011011
010111000000101010001010
010010010001001101100011
001101100001011000110001
001101110010000000100011
001010000010000000100101
000110110001010100010110
000100000000000000011000
000100110000000000011110
000101010000000000101000
000110100000000100110010
000111110000010000111000
001000100000010100111101
001000110000011001000000
001001010000011001000011
001010000000011001001001
001010100000011001001101
001011000000011001010100
001100010000100001100000
001101100000011001110000
001101100000011101110001
010011110011001001100111
100001110111101001111110
011010010101000101101011
010101100011101001011110
010110000100110101010001
010111100101001101010110
001111110001011101101011
001111110000101101110100
010111010000011010011001
010011110000011101111011
010010110000010001110010
010010110000010001111000
010001000000100001011011
001111010001001101010000
001110000001011001000000
001101010001101000110101
001001110001111100101110
000110000001010100010011
000010110000000000010011
000010100000000000010010
000011100000000000010110
000100000000000000011100
000101010000001100100100
000110110000100000101011
000111100000101000101101
001000000000110000110011
001000110000110000111000
001001100000110000111100
001001100000101101000010
001010100000100101001111
001101010000101101011100
001111000000111101100011
001101000000111101001110
010000100010100001000011
010111000101011101010000
011010100110100001001110
010101100100111001000100
001111000010000001100001
001111000001001001110001
001110110001000101101000
010101100001001001111101
010000000001000001011010
001101100000100101001011
001110110000101101010000
001101100000111101001000
001100000001011000111011
001100010001100100101101
001100010001101100101110
001000100001111100110110
000101000001001000001110
000001100000000000001011
000001100000000000001011
000010000000000000001100
000010010000000000010000
000011000000001000010110
000100110000011100011110
000110010000101100100101
000111010000111000101001
001000000000111100101110
001000110000111100110001
001001000000111000110100
001010010000110100111111
001011110000110101000011
001110100001001001010011
010000000001001001011100
010000110001011001011110
001110010001101101010010
001111110010010001001001
001111110001101101010010
010001010001001001110110
001111100001000001010000
001101100001000101010100
010010110001011101101011
001110000001011101000101
001100010001000100111100
001011010000111000110000
001010100001001000110111
001011100001111000110111
001010110001110000101001
001011100010000100101011
000111100001111100101000
000110010001010000001101
000001100000000000000011
000001100000000000000100
000001010000000000000110
000001000000000100001000
000001000000000100001001
000001110000010000001111
000100110000110000011101
000110000001000100100010
000111010001010100100110
001000010001011000101000
001000000001010100101010
001000010001000000110011
001001110001001100110111
001011110001011000111101
001101110001100001000011
001110110001100101001001
010001110001100001100001
010001110001100101100111
001111100001011001011011
001101000001010001000100
001011110001010000110001
001101000001011001000001
001101110001110001000011
001100010001110000111001
001010100001100100101101
001000110001100000100100
000111110001010100100100
001001110001111000101001
001001110001111100100101
001010000010001000100110
001001000001111100100110
001101110011000100011000
000111110001011100010100
000111010001010000010001
000110110001001000010001
000110010001001000010001
000110000001001000010010
000101100001010100010100
000101110001101100011100
000111100010000000100001
001001000010010100100111
001001100010011100101000
001001010010010100101000
001000110010010000101011
001001100010001100101101
001010010010010000101111
001011100010011000110100
001100010010011100110101
001100100010011000101111
001011110010010000110101
001011010010010000111000
001010010010010000110011
001001100010001100101010
001010100010000100110000
001010100010010100110010
001010110010100000110011
001001100010011000101101
001000110010011000101010
001001000010010100101000
001001000010001000100110
001010000010001000100110
001011110010011100100101
001111000011001100101001
