110100001
111110001
111110001
111110001
111110000
111110000
111110000
111110001
111110001
111110001
111110001
111110001
111101101
111101101
111101101
111101101
111101101
111101101
111101101
111101101
111101101
111101101
111101101
111101101
111110001
111110001
111110001
111110001
111110110
111110110
111111011
111110110
011110110
110100001
111101101
111110001
111110000
111110000
111110001
111110001
111101101
110100001
111110001
111110001
111101101
111101101
111101101
111101101
111101101
111101101
111101101
111101101
111101101
111101101
111101101
111110001
111110001
111110001
111110001
111110010
111110110
111111011
111110111
111110110
011110010
100010001
111101001
111101100
111110000
111110000
111110001
111110001
101011010
010101001
111101101
111110001
111101101
111101101
111101101
111101101
111101101
111101101
111101101
111101101
111101101
111101101
111110001
111110001
111110001
111110001
111110001
111110010
111110110
111111011
111110111
111110110
011010001
010101001
100110101
111101000
111101000
111101000
111101100
111110000
100110101
100010001
111101101
111110001
111110001
111110001
111110001
111110001
111110001
111110001
111110001
111110001
111110001
111110001
111110001
111110001
111110001
111101001
110100010
110100010
111111011
111111011
111111011
111110110
011110001
010101101
010101000
111100100
111100100
111101000
111101000
111101100
111101101
111110001
111101101
101110101
100110101
111101101
111110001
111110101
111110110
111110110
111110110
111110110
111110110
111110110
111110110
111110110
111110101
101111110
011110010
011110001
111111011
111111011
111110111
111110110
011010001
010101101
010101000
111100100
111100100
111100100
111101000
111101000
111101100
111101100
110011101
100110101
010001000
111101001
111110101
111110110
111110110
111110110
111110110
111110110
111110110
111110110
111110110
111110110
111110110
101011010
011110001
100110101
111111011
111111011
111110111
111110110
011010001
101011001
111101101
111101100
111101000
111100100
111100100
111101000
111100100
110011001
100010110
011010001
100010001
111110001
111110110
111110110
111110110
111110110
111110110
111110110
111110110
111110110
111110110
111110110
111110110
111110110
111110110
111110110
111111011
111111011
111110111
111110010
100110001
111110101
111110101
111101101
111101000
111100100
111100100
111100100
110011110
110100011
011110001
011001101
110100010
111110101
111110110
111110110
111110110
111110110
111110110
111110110
111111010
111111010
111110110
111110110
111110110
111110110
111110110
111110110
111111011
111110111
111110110
111110010
111111010
111111010
111110110
111110001
111101000
111100100
111100100
101111110
101100011
100111111
011001101
011001101
111110001
111110110
111110110
111111011
111111011
111111011
111110111
111110110
111110110
111110110
111110110
111110110
111110110
111110110
111110001
111110110
111111011
111110111
111110110
111110010
111111010
111110101
111110110
111110101
111101100
111101000
111100100
101111101
101011111
100111010
011001101
101010101
111110001
111111010
111111011
111111011
111111011
111110110
111110110
111110110
111110110
111110110
111110110
111110110
111110110
111110110
111110001
111110110
111111011
111110111
111110010
111110010
111111010
111111010
111111010
111110110
111110110
111101101
111100100
111100100
101010101
101111001
111101000
111101101
111111011
111111011
111111011
111110110
111110010
111110001
111110001
111110001
111110001
111110001
111110001
111110010
111110101
111110101
111110001
111110110
111111011
111110110
111110010
111101101
111111010
111110110
111110110
111110110
111110110
111110001
111100100
111100100
111101000
111101100
111110000
111110101
111111011
111111011
111110110
111110001
111110001
111101101
111110001
111110001
111110001
111110001
111110001
111110001
111110001
111110001
111110001
111110110
111110111
111110110
111110010
111101101
111111010
111110110
111110110
111110110
111111010
111110110
111101000
111100100
111101000
111101100
111110001
111111010
111110110
111110001
111110001
111110001
111110001
111110001
111110001
111110001
111110001
111110001
111110001
111110001
111110001
111110001
111110001
111110010
111110111
111110010
111101101
111101101
111110101
111110101
111110110
111110110
111110110
111111010
111101101
111101000
111101000
111101100
111110101
111110101
111110001
111110001
111110001
111110001
111110101
111110001
111110001
111110001
111110001
111110001
111110001
111110001
111110001
111110001
111110001
111110001
111110110
111110010
111101101
111101001
111110101
111110101
111110110
111110110
111110110
111111010
111110001
111101000
111101000
111101100
111110101
111110001
111110001
111110001
111110001
111110101
111110101
111110001
111110001
111110001
111110001
111110001
111110001
111110001
111110001
111110001
111110101
111110101
111110110
111110001
111101101
111101001
111110001
111110001
111110001
111110110
111110110
111111010
111110001
111101100
111101100
111110000
111110101
111110001
111110001
111110101
111110101
111110101
111110001
111110001
111110001
111110001
111110001
111110001
111110001
111110001
111110001
111110001
111110101
111110101
111110110
111101101
111101101
111101000
111110001
111110001
111110001
111110110
111110110
111110110
111110010
111101100
111101100
111110000
111110001
111110001
111110001
111110101
111110101
111110101
111110001
111110001
111110001
111110001
111110001
111110001
111110001
111110001
111110001
111110001
111110101
111110101
111110101
111101101
111101001
111101000
111110110
111110001
111110001
111110110
111110110
111110110
111110001
111101100
111101100
111110001
111110001
111110001
111110101
111110101
111110101
111110101
111110001
111110001
111110001
111110001
111110001
111110001
111110001
111110001
111110101
111110101
111110101
111110101
111110101
111101101
111101001
111100100
111111010
111110110
111110001
111110110
111110110
111110110
111110001
111101100
111101100
111110001
111110001
111110001
111110101
111110101
111110101
111110101
111110001
111110001
111110001
111110001
111110001
111110001
111110001
111110001
111110101
111110101
111110101
111110101
111110101
111101101
111101000
111100100
111111010
111110110
111110110
111110110
111110110
111110110
111110001
111101101
111101100
111110001
111110001
111110101
111110101
111110101
111110101
111110101
111110101
111110101
111110110
111110110
111110101
111110101
111110001
111110001
111110101
111110101
111110101
111110101
111110001
111101100
111101000
111100000
111111010
111111010
111110110
111110110
111110110
111110110
111110001
111110001
111101100
111110001
111110101
111110101
111110101
111110101
111110101
111110101
111110110
111110110
111110110
111110110
111110110
111110110
111110110
111110110
111110101
111110101
111110001
111110001
111101101
111101100
111101000
111100000
111111010
111111010
111110110
111110110
111110110
111110110
111110001
111110000
111101100
111110000
111110101
111110101
111110101
111110101
111110110
111110101
111110101
111110110
111110110
111110110
111110110
111110110
111110110
111110110
111110101
111110001
111110001
111101101
111101000
111101000
111100100
111100000
111111010
111111010
111110110
111110010
111110001
111110001
111110001
111101100
111110000
111110101
111110101
111110101
111110101
111110101
111110110
111111001
111111001
111111010
111111010
110100001
011110001
011001101
111101101
111110001
111110001
111110001
111101100
111101100
111101000
111101000
111101000
111101101
111111010
111111010
111110110
111110010
111110001
111110001
111110001
111101100
111110001
111110101
111110101
111110101
111110101
111110101
111111010
111111001
111111001
111111001
111111010
111101001
101011111
011001101
111110001
111110001
111110001
111110001
111101100
111101000
111101000
111101001
111101101
111110110
111111010
111110110
111110010
111110001
111110001
111110001
111110001
111110001
111110110
111110101
111110101
111110101
111110101
111110101
111111001
111111001
111111001
110100001
101011111
111110001
111101101
111101101
111110001
111110001
111101100
111101100
111101100
111101100
111110001
111110110
111111011
111111010
111111010
111110010
111110010
111101101
111101101
111101101
111110001
111110001
111110110
111110101
111110101
111110101
111110101
111110101
111111001
111111001
111111001
110101001
101011110
111110101
111101101
111101101
111110001
111110001
111101100
111101100
111101100
111101101
111110101
111111011
111111011
111111011
111110001
111110001
111110001
111101101
111101101
111110001
111110010
111110110
111111010
111111001
111111001
111110101
111110101
111110101
111111001
111111001
111110101
111110101
111110101
101111001
100010001
111101001
111101101
111101000
111101000
111101100
111110001
111110101
111111011
111111011
111111011
111110110
111110001
111110001
111110001
111101101
111101101
111110001
111110110
111111010
111111010
111111001
111111001
111110101
111110101
111110101
111110101
111110101
111110101
111110101
111110001
100010101
011110001
111101001
111101001
111101000
111101001
111101100
111110101
111111010
111111011
111111011
111110110
111110010
111110001
111110001
111110001
111110001
111110101
111110101
111111001
111111001
111111001
111111001
111111001
111110101
111110101
111110101
111110101
111110101
111110101
111110001
111101101
110100001
111100101
111101001
111101000
111101001
111101100
111110001
111111011
111111111
111111011
111110110
111110001
111101101
111110001
111110001
111110001
111110110
111110101
111110101
111110101
111110101
111110101
111110101
111110101
111110101
111110101
111110101
111110101
111110101
111110001
111101101
111101000
111100100
111100100
111101001
111101001
111101001
111110001
111110110
111111111
111111011
111110110
111110001
111110001
111101101
111110001
111110001
111110110
111110110
111110101
111110101
111110101
111110101
111110101
111110101
111110101
111110101
111110101
111110101
111110101
111110001
111110001
111101000
111101000
111100100
111100100
111100101
111101001
111101001
111110001
111111010
111111111
111111011
111110110
111110001
111101101
111101101
111110001
111110110
111110110
111110110
111110101
111110101
111110101
111110101
111110101
111110101
111110101
111110101
111110101
111110001
111110001
111101101
111101000
111100100
111100100
111100100
111100101
111101001
111101001
111101101
111110110
111111111
111111011
111111010
111110110
111110001
111110001
111101101
