111111111
111111111
111111111
111111111
111111111
111111111
111111111
111111111
111111111
111111111
111111111
111111111
111111111
111111111
111111111
111111111
111111111
111111111
111111111
111111111
111111111
111111111
111111111
111111111
111111111
111111111
111111111
111111111
111111111
111111111
111111111
111111111
111111111
111111111
111111111
111111111
111111111
111111111
111111111
111111111
111111111
111111111
111111111
111111111
111111111
111111111
111111111
111111111
111111111
111111111
111111111
111111111
111111111
111111111
111111111
111111111
111111111
111111111
111111111
111111111
111111111
111111111
111111111
111111111
111111111
111111111
111111111
111111111
111111111
111111111
111111111
111111111
111111111
111111111
111111111
111111111
000000000
000000000
000000000
111111111
111111111
111111111
111111111
111111111
111111111
111111111
111111111
111111111
111111111
111111111
111111111
111111111
111111111
111111111
111111111
111111111
111111111
111111111
111111111
111111111
111111111
111111111
111111111
111111111
111111111
111111111
111111111
000000000
101110110
011101101
000101001
000000000
111111111
111111111
111111111
111111111
111111111
111111111
111111111
111111111
111111111
111111111
111111111
111111111
111111111
111111111
111111111
111111111
111111111
111111111
111111111
111111111
111111111
111111111
111111111
111111111
111111111
111111111
111111111
000000000
101110110
100101101
011101101
000000000
111111111
111111111
111111111
111111111
111111111
111111111
111111111
111111111
111111111
111111111
111111111
111111111
111111111
111111111
111111111
111111111
111111111
111111111
111111111
111111111
111111111
111111111
111111111
111111111
111111111
111111111
000000000
101110110
100110101
100101101
010011111
000000000
111111111
111111111
111111111
111111111
111111111
111111111
111111111
111111111
111111111
111111111
111111111
000000000
000000000
000000000
111111111
111111111
111111111
111111111
111111111
111111111
111111111
111111111
111111111
111111111
111111111
000000000
100101101
101110110
100101101
100101101
011100100
000000000
111111111
111111111
111111111
111111111
111111111
111111111
111111111
111111111
111111111
000000000
000000000
100101101
100101101
001001001
111111111
111111111
111111111
111111111
111111111
111111111
111111111
111111111
111111111
111111111
111111111
000000000
101110110
100101101
100101101
000000000
000000000
111111111
111111111
111111111
111111111
111111111
111111111
111111111
111111111
111111111
000000000
011100100
010100100
100101101
100101101
001001001
111111111
111111111
111111111
111111111
111111111
111111111
111111111
111111111
111111111
111111111
111111111
111111111
000000000
100101101
100101101
000000000
111111111
111111111
111111111
111111111
111111111
111111111
111111111
111111111
111111111
000000000
100101101
100101101
011101101
011101101
100101101
001001001
111111111
111111111
111111111
111111111
111111111
111111111
111111111
111111111
111111111
111111111
111111111
111111111
000000000
100101101
100101101
011101101
000000000
111111111
111111111
111111111
111111111
111111111
111111111
111111111
000000000
100101101
100101101
100101101
011101101
011101101
100101101
001001001
111111111
111111111
111111111
111111111
111111111
111111111
111111111
111111111
111111111
111111111
111111111
111111111
000000000
001110010
011101101
011101101
000000000
111111111
111111111
111111111
000000000
000000000
000000000
000000000
011101101
100101101
100101101
011101101
011101101
011100100
000000000
000000000
111111111
111111111
111111111
111111111
111111111
111111111
000000000
000000000
000000000
000000000
000000000
000000000
101101101
011100100
001010010
011101101
011101101
000000000
000000000
000000000
100101101
011100011
100101101
011101101
011101101
011101101
011101101
010100100
000000000
000000000
111111111
111111111
111111111
111111111
111111111
111111111
111111111
000000000
101101010
101101010
101100110
001001101
011100011
100110101
011101100
100101101
000100100
011101101
010011011
011100100
100101101
001110110
011101101
100101101
100101101
100101101
011101101
011101101
011101101
000000000
111111111
111111111
111111111
111111111
111111111
111111111
111111111
111111111
111111111
000000000
011010101
101101010
101100110
001001001
101110110
101110110
101110110
011101100
101100000
000000000
011101101
100101101
100101101
100101101
100101101
100101101
100101101
100101101
011101101
011101101
000000000
111111111
111111111
111111111
111111111
111111111
111111111
111111111
111111111
111111111
000000000
110110011
101101010
011111001
001001000
010010110
101110110
101110110
101110101
011101100
111110110
111011011
001101001
100101101
100101101
100101101
100101101
100101101
100101101
100101101
100101101
011101101
000000000
111111111
111111111
111111111
111111111
111111111
111111111
111111111
111111111
111111111
000000000
101101010
101100110
101101010
011011010
011100011
011100100
011100100
100101101
100110101
111010110
111100100
001000000
100101101
100101101
011101101
011101101
100101101
100101101
100101101
100101101
011101101
000000000
111111111
111111111
111111111
111111111
111111111
111111111
111111111
111111111
111111111
000000000
100100010
101101011
010010110
100101101
011100100
110000100
010100000
011111011
011100100
110101101
101010010
010011111
100101101
100101101
011101101
011101101
011101101
011100100
100101101
100101101
011101101
000000000
111111111
111111111
111111111
111111111
111111111
111111111
111111111
111111111
111111111
000000000
110101111
101100110
010111011
100101101
010011111
110110110
110111111
101110110
001001101
100101101
001110111
101110110
100101101
100101101
010011111
011101101
011100100
010100100
100101101
011101101
011101101
010100011
000000000
111111111
111111111
111111111
111111111
111111111
111111111
111111111
111111111
111111111
000000000
100100010
100011101
100101101
100101101
100101101
100101101
100101101
100101101
011100100
100101101
101110110
100101101
100101101
001110111
011101101
011100100
010011111
011101101
011101101
011101101
010111111
000000000
111111111
111111111
111111111
111111111
111111111
111111111
111111111
111111111
111111111
111111111
000000000
000000000
000000000
100101101
100101101
100101101
100101101
011100100
001010010
100101101
100101101
100101101
010100100
000000000
000000000
000101001
011101101
011101101
011100100
010111111
010111111
000000000
000000000
111111111
111111111
111111111
111111111
111111111
111111111
111111111
111111111
111111111
111111111
111111111
111111111
000000000
000000000
000000000
000000000
011011111
011101101
100101101
010100100
011100100
000000000
111111111
111111111
111111111
000000000
000000000
001110001
010111111
010111111
010111111
010111111
000000000
000000000
111111111
111111111
111111111
111111111
111111111
111111111
111111111
111111111
111111111
111111111
111111111
111111111
111111111
111111111
000000000
011101101
011101101
011101101
000000000
111111111
111111111
111111111
111111111
111111111
111111111
000000000
000000000
010111111
010111111
010111111
010111111
010111111
000000000
111111111
111111111
111111111
111111111
111111111
111111111
111111111
111111111
111111111
111111111
111111111
111111111
000000000
010100100
100101101
011101101
001001101
111111111
111111111
111111111
111111111
111111111
111111111
111111111
111111111
111111111
000000000
000000000
010111111
010100011
010111111
000000000
111111111
111111111
111111111
111111111
111111111
111111111
111111111
111111111
111111111
111111111
111111111
111111111
000000000
101110110
100101101
100101101
000000000
111111111
111111111
111111111
111111111
111111111
111111111
111111111
111111111
111111111
111111111
111111111
000000100
011100100
010111111
000000000
111111111
111111111
111111111
111111111
111111111
111111111
111111111
111111111
111111111
111111111
111111111
111111111
000000000
101110110
100101101
011100011
001001001
000000000
111111111
111111111
111111111
111111111
111111111
111111111
111111111
111111111
111111111
111111111
000000000
000000000
000100100
000000000
111111111
111111111
111111111
111111111
111111111
111111111
111111111
111111111
111111111
111111111
111111111
111111111
000000000
101110110
100101101
011100100
100101101
010011011
000000000
111111111
111111111
111111111
111111111
111111111
111111111
111111111
111111111
111111111
111111111
111111111
111111111
111111111
111111111
111111111
111111111
111111111
111111111
111111111
111111111
111111111
111111111
111111111
111111111
111111111
000000000
100101101
100110110
100101101
011100100
010011011
000000000
111111111
111111111
111111111
111111111
111111111
111111111
111111111
111111111
111111111
111111111
111111111
111111111
111111111
111111111
111111111
111111111
111111111
111111111
111111111
111111111
111111111
111111111
111111111
111111111
111111111
111111111
000000000
101110110
101110110
011101101
011100100
000000000
111111111
111111111
111111111
111111111
111111111
111111111
111111111
111111111
111111111
111111111
111111111
111111111
111111111
111111111
111111111
111111111
111111111
111111111
111111111
111111111
111111111
111111111
111111111
111111111
111111111
111111111
111111111
000000000
101110110
011101101
000000000
111111111
111111111
111111111
111111111
111111111
111111111
111111111
111111111
111111111
111111111
111111111
111111111
111111111
111111111
111111111
111111111
111111111
111111111
111111111
111111111
111111111
111111111
111111111
111111111
111111111
111111111
111111111
111111111
000000000
000000000
000000000
000000000
111111111
111111111
111111111
111111111
111111111
111111111
111111111
111111111
111111111
111111111
111111111
111111111
111111111
111111111
111111111
111111111
111111111
111111111
111111111
111111111
111111111
111111111
111111111
111111111
111111111
111111111
111111111
111111111
111111111
111111111
111111111
111111111
111111111
111111111
111111111
111111111
111111111
111111111
111111111
111111111
111111111
111111111
111111111
111111111
111111111
111111111
111111111
111111111
111111111
111111111
111111111
111111111
111111111
111111111
111111111
111111111
111111111
111111111
111111111
111111111
111111111
111111111
111111111
111111111
111111111
111111111
111111111
111111111
111111111
111111111
111111111
111111111
111111111
111111111
111111111
111111111
111111111
111111111
111111111
111111111
