111111111
111111111
111111111
111111111
111111111
111111111
111111111
111111111
111111111
111111111
111111111
111111111
111111111
111111111
111111111
111111111
111111111
111111111
111111111
111111111
111111111
111111111
111111111
111111111
111111111
111111111
111111111
111111111
111111111
111111111
111111111
111111111
111111111
111111111
111111111
111111111
111111111
111111111
111111111
111111111
111111111
111111111
111111111
111111111
111111111
111111111
111111111
111111111
111111111
111111111
111111111
111111111
111111111
111111111
111111111
111111111
111111111
111111111
111111111
111111111
111111111
111111111
111111111
111111111
111111111
111111111
111111111
111111111
111111111
111111111
111111111
111111111
111111111
111111111
111111111
111111111
111111111
111111111
111111111
111111111
111111111
111111111
111111111
111111111
111111111
111111111
111111111
111111111
111111111
111111111
111111111
111111111
111111111
111111111
111111111
111111111
111111111
111111111
111111111
111111111
111111111
111111111
111111111
111111111
111111111
111111111
111111111
111111111
111111111
111111111
111111111
111111111
111111111
111111111
111111111
111111111
111111111
111111111
111111111
111111111
111111111
111111111
111111111
111111111
111111111
111111111
111111111
111111111
111111111
111111111
111111111
111111111
111111111
111111111
111111111
111111111
111111111
111111111
111111111
111111111
111111111
111111111
111111111
111111111
111111111
111111111
111111111
111111111
111111111
111111111
111111111
111111111
111111111
111111111
111111111
111111111
111111111
111111111
111111111
111111111
111111111
111111111
111111111
111111111
111111111
111111111
111111111
111111111
111111111
111111111
111111111
111111111
111111111
111111111
111111111
111111111
111111111
111111111
111111111
111111111
111111111
111111111
111111111
111111111
111111111
111111111
111111111
111111111
111111111
111111111
111111111
111111111
111111111
111111111
111111111
111111111
000000000
000000000
000000000
000000000
111111111
111111111
111111111
111111111
000000000
000000000
000000000
111111111
111111111
111111111
111111111
111111111
111111111
111111111
000000000
000000000
000000000
000000000
111111111
000000000
000000000
111111111
111111111
111111111
111111111
111111111
000000000
000000000
001001001
001101101
110100101
110100100
000000000
000000000
000000000
000000000
110101001
111011001
110110100
000000000
000000000
000000000
000000000
000000000
000000000
000000000
111111010
111111010
111110001
111101101
000000000
101011000
000000000
111111111
111111111
111111111
111111111
111111111
000000000
000100100
001001001
111101101
111101101
111101101
111101101
111110001
010010010
000000000
110101001
111110110
111101101
111101101
111110001
111111010
111111010
111111010
111111010
111111010
101100000
111111010
111110001
111101101
111101101
110011100
000000000
111111111
111111111
111111111
111111111
111111111
111111111
000000000
000000000
000000000
000000000
101011000
110100100
111111011
111110101
111111010
111111010
101111100
111101101
111101101
111101101
111111010
110101001
111110001
111111010
111111010
110100100
111111010
111110110
111101101
111101101
000000000
111111111
111111111
111111111
111111111
111111111
111111111
111111111
111111111
111111111
111111111
111111111
000000000
111111101
111111011
111111010
100010000
101011101
110100000
111101101
111101101
111101101
111101101
111111010
111110010
101100000
110101101
110101001
111111010
111111010
111101101
110100100
000000000
111111111
111111111
111111111
111111111
111111111
111111111
111111111
111111111
111111111
111111111
111111111
000000000
111111101
111111011
111111010
111111010
111101100
111101101
111101101
111101101
111101101
111101101
111110101
111111010
111111010
111111010
111111010
111111010
111111010
111101101
000000000
111111111
111111111
111111111
111111111
111111111
111111111
111111111
111111111
111111111
111111111
111111111
111111111
000000000
111111101
111111011
111111010
111111010
111111010
101111100
111101101
111101101
111101101
111101101
111110101
111111010
111111010
100011000
111111010
111111010
111111010
111101101
000000000
111111111
111111111
111111111
111111111
111111111
111111111
111111111
111111111
111111111
111111111
111111111
111111111
000000000
111111100
110101001
010110110
101100000
111111010
111101100
111101101
111101101
111101101
111101101
111110001
110101101
101100000
111110001
011111001
111111010
111110110
111101101
000000000
111111111
111111111
111111111
111111111
111111111
111111111
111111111
111111111
111111111
111111111
111111111
111111111
000000000
111111010
010110100
000100100
000000000
111111010
111101101
111101101
111101101
111101101
111101101
111110001
111111010
111111010
111111010
110011100
111111010
111110001
111101101
111101101
000000000
111111111
111111111
111111111
111111111
111111111
111111111
111111111
111111111
111111111
111111111
111111111
000000000
111111010
111110110
101100110
111110101
111011010
110001000
110110100
111101101
111101101
111101101
111111010
111111010
111111010
110101001
110101101
111111010
111110101
111101101
111101101
000000000
111111111
111111111
111111111
111111111
111111111
111111111
111111111
111111111
111111111
111111111
000000000
110101001
111111010
111110110
111111010
111111010
111010101
110001000
110110100
111101101
111101101
111110001
111111010
111111010
111101100
110101101
111111010
111110001
111110001
111101101
111101101
100111000
000000000
111111111
111111111
111111111
111111111
111111111
111111111
111111111
111111111
111111111
000000000
111111010
111111010
000000000
000000000
000000000
111101000
111101101
111101101
111101101
111110001
111111010
111111010
111111010
111111010
111111010
111110110
111101101
111110001
111101101
111101101
111101000
000000000
111111111
111111111
111111111
111111111
111111111
111111111
111111111
111111111
111111111
000000000
111111010
111111010
000000000
111111111
111111111
000000000
000000000
100100100
000000000
010110100
000000000
000000000
111111010
111110001
111110001
111101101
111101101
111101101
111101101
111101000
100010100
000000000
111111111
111111111
111111111
111111111
111111111
111111111
111111111
111111111
000000000
100100010
101100110
010010010
000000000
111111111
111111111
111111111
111111111
000000000
101111100
000000000
111111111
111111111
000000000
010001000
011010100
101100000
110100100
111101101
000000000
000000000
000000000
000000000
111111111
111111111
111111111
111111111
111111111
111111111
111111111
111111111
000000000
010010010
010010010
000000000
111111111
111111111
111111111
111111111
000000000
111101101
111101101
110100100
000000000
000000000
010001000
110100100
010101100
101101101
011001100
000000000
111111111
111111111
111111111
111111111
111111111
111111111
111111111
111111111
111111111
111111111
111111111
111111111
000000000
010010010
001101101
000000000
111111111
111111111
111111111
000000000
111111010
111101101
111101101
111101101
101100000
100111001
111101000
110100100
100010000
011101100
001100100
000000000
111111111
111111111
111111111
111111111
111111111
111111111
111111111
111111111
111111111
111111111
111111111
111111111
111111111
000000000
000000000
111111111
111111111
111111111
000000000
111111010
111111010
111110001
111101101
111101101
000000000
111101101
111101100
011001100
000000000
000000000
000000000
111111111
111111111
111111111
111111111
111111111
111111111
111111111
111111111
111111111
111111111
111111111
111111111
111111111
111111111
111111111
111111111
111111111
111111111
000000000
111111010
111111010
111111010
111111010
111101101
000000000
111111111
000000000
110100100
000000000
111111111
111111111
111111111
111111111
111111111
111111111
111111111
111111111
111111111
111111111
111111111
111111111
111111111
111111111
111111111
111111111
111111111
111111111
111111111
111111111
000000000
111110101
111111010
111111010
111111010
111111010
111110001
000000000
111111111
111111111
000000000
111111111
111111111
111111111
111111111
111111111
111111111
111111111
111111111
111111111
111111111
111111111
111111111
111111111
111111111
111111111
111111111
111111111
111111111
111111111
111111111
000000000
110101101
111111010
111111010
111111010
111111010
111111010
110101110
000000000
111111111
111111111
111111111
111111111
111111111
111111111
111111111
111111111
111111111
111111111
111111111
111111111
111111111
111111111
111111111
111111111
111111111
111111111
111111111
111111111
111111111
111111111
111111111
000000000
111111010
111111010
111111010
111111010
111111010
111111010
000000000
111111111
111111111
111111111
111111111
111111111
111111111
111111111
111111111
111111111
111111111
111111111
111111111
111111111
111111111
111111111
111111111
111111111
111111111
111111111
111111111
111111111
111111111
111111111
111111111
111111111
000000000
110101001
111111010
111111010
111111010
111111010
000000000
111111111
111111111
111111111
111111111
111111111
111111111
111111111
111111111
111111111
111111111
111111111
111111111
111111111
111111111
111111111
111111111
111111111
111111111
111111111
111111111
111111111
111111111
111111111
111111111
111111111
111111111
000000000
000000000
000000000
000000000
000000000
111111111
111111111
111111111
111111111
111111111
111111111
111111111
111111111
111111111
111111111
111111111
111111111
111111111
111111111
111111111
111111111
111111111
111111111
111111111
111111111
111111111
111111111
111111111
111111111
111111111
111111111
111111111
111111111
111111111
111111111
111111111
111111111
111111111
111111111
111111111
111111111
111111111
111111111
111111111
111111111
111111111
111111111
111111111
111111111
111111111
111111111
111111111
111111111
111111111
111111111
111111111
111111111
111111111
111111111
111111111
111111111
111111111
111111111
111111111
111111111
111111111
111111111
111111111
111111111
111111111
111111111
111111111
111111111
111111111
111111111
111111111
111111111
111111111
111111111
111111111
111111111
111111111
111111111
111111111
111111111
111111111
111111111
111111111
111111111
111111111
111111111
111111111
111111111
111111111
111111111
111111111
111111111
111111111
111111111
111111111
111111111
111111111
111111111
111111111
111111111
111111111
111111111
111111111
111111111
111111111
111111111
111111111
111111111
111111111
111111111
111111111
111111111
111111111
