001001000000101100001100
001010000000101000000010
001110010000111000000100
001101010000110000001001
000110010000100000001001
000010110000001100000011
000010110000010000000010
000011100000011000000100
000011000000010100000011
000011110000100000000110
000100000000100100001000
000001100000001000000111
000001000000010100001110
000011010000010000001011
001011110000101000000101
010110110001100000001000
011100000010000000001110
100011110001011000001100
101000000000011100000100
100101010000011100000111
011100100000100000001001
001101000000001000000110
000001100000100000001000
000001110000001100000101
001010100000111100000101
011100100001110100010000
100010000001100100010001
011110100010111100101101
010111100010011100100111
011010100001101000010000
011110100001111000010100
010001100010010000100010
000110010000101100000111
000110000000011100000101
000101110000001000000001
000101110000010100000100
000100000000011000000100
000010100000010100000011
000010010000010000000001
000010100000010100000010
000011000000011100000100
000011100000100100000110
001000000001101000011000
000100100001000100010010
000001110000101000010000
000010000000010000000111
001001100000101000000101
010010110001100000001010
011111000010000100001101
100100000001110100001010
100101100001000100000001
100101010000100000000001
100101100000001100001001
011111010000010000001101
001100000000100100001110
000011000000001100001011
000111010000110100000111
010010110001101000010000
011101010100000101000001
011010010101000101010111
011000110010100100101010
011100100001111000001010
100000100010000100001111
010011010010000100011100
000100100000100100000011
000100010000010100000101
000100000000010100001000
000011000000011100000111
000011000000011000000011
000010100000010100000010
000010000000001100000001
000010010000010000000010
000010100000011000000011
000010010000010100000011
001001100010011100101000
010011110101100101100000
001011110011001000110011
000100110000111100001011
000100000000011000000011
000110010000100000000111
010100010001010100000101
100100100010010100010111
100101000001111000001011
100000100001011100000011
100101010000101000000110
100110110000010100000011
011100000000101000000110
001100100000011100001001
000100010000101100001010
010010100011010101000000
011100010111000001111101
011011000100111001011101
011010110001110000011011
100011010001101100000111
100101010001101100001110
011000000010000000011110
000100010000101000000100
000110100000011000000110
000101110000011100000111
000010010000010000000010
000011100000011100000101
000010110000011000000011
000010000000010100000010
000010100000011000000011
000010000000010000000001
000001100000001000000000
000011110001000000010000
010111000110101001110000
100010001001110010100011
010110000110110101110011
000110110010011000101011
000001000000010000000110
000101010000100000000001
011011100001011100010101
100111010010010000011100
100011110010001100010000
100110000001101100001110
100101110000111100000110
100101010000111000000010
011100110000101000000101
001111110010111000110000
011101100111001110001011
011110000111000110000111
011000010011011000111010
011001010001110000001010
101001010001111100001010
100100100001101100001110
010100010010001000011100
000011110000011100000101
001000000000001100000011
001000000000010000000001
000100010000011000000001
000011110000011000000101
000010010000011100000011
000001010000010000000000
000001010000001100000000
000001010000001100000010
000001110000011100000101
000010000000100000000100
001100100011111000111110
100011011011010011000101
011111101010100111000011
011010111000010110010011
001010100011001000101110
000100000001000100001111
001000110000111000000111
011100100010110000011111
100101110010000000010100
100101100001011000001011
100111110001000100010000
101000110001011100001011
100110110010010100011100
100001100110011001110001
100000111001000010100111
011100010110100101110110
010110010010100000100000
011100100001100000000111
101100100001101000001011
100100000010000000010101
011000000010011100100111
000011000000010100000110
000110110000100000000110
001010100000101000000111
001010010000101100001010
000100110000011100000101
000001010000010100000010
000001000000010000000011
000000110000001000000100
000000110000001000000011
000000110000010100000011
000001010000011000000001
000110100010000100100000
100001011010010110110111
100000011010010011000110
011001001000000110010111
010111000111101001111010
010000100101101001010101
001000100001110100100000
010000000001100100010100
100000100010110000100010
100010110011000100101010
100001110100100000111110
100010010101100001000110
100010110110101101100111
100001001001000010100010
100000001000110110011111
011010010100001101001010
010010110001110000010100
010101100001100000001000
100010100001100100001000
100101010010010000011000
010110100010011100100011
000001000000011100000100
000001110000011000000001
000110100000100100000101
001001110000100000001010
001000100000011100001011
000101000000011100000111
000011100000011100001010
000001100000001000001010
000000110000001000000111
000001000000010100000010
000001010000010000000000
000011110000110000001110
010111000110010101111110
100110001011010111011001
011011011000111110101011
010101010110110001111011
010110110111111110000010
011001100110101001110101
011000010101001001010110
011110000101100101010111
011100000110011001011111
011010010111000101101111
011001100111011101110000
011011000111101001111010
011100000111101010001000
011101100111011001111011
011000000100000000110101
010110100010110100011101
011100110010010000010111
100001100010010000001110
100010100010111000010111
011000100010010100011100
000000100000001100000001
000010010000001000000011
000010100000010100000100
000010100000010000000010
000111010000100100001001
001011010000111100001000
001001110000111000001010
000101000000010000001001
000010000000000100001000
000001100000010100001000
000000110000011000000100
000001100000010000000110
001001010010100000111101
100100101011001111001111
011110011010100011000001
010111100111101110010101
001110110101000001011011
010100010110001001100101
010111000111110001110011
010010110101111001010111
010000000100100001000111
010011000100110001001110
010010110101011001010000
010100000101010101010001
011000010101010101011010
010110110100110101000110
011010000100000000101100
100101000011100100100111
101000110011000100100010
100111100011000000010111
100110110011010000100001
011001100010011100100011
000010010000000100000001
000001000000010100000110
000001010000011000001001
000010010000010000000101
000010010000100100000011
000111110000101000000010
001100000000111000000110
001100010000110100001010
001000000000010000000100
000100100000000100000100
000011100000010000000110
000010100000001100000001
000100000001010000011110
011111001001011010101010
100100101011100111010101
011011111001011110110110
010000110110001001110001
001110010100100101001110
001101110101000101001100
001101010100010001000101
001110110011101100111101
010000000011100100110101
001110100011111000110010
010000000011101100110011
010010100011100000110101
010100000011100000110000
011001100011010000101001
100101000011001000100000
101110110010011100011010
110000010010100000001111
101110010010101000011100
011010010010001000100001
000001000000010000000010
000001010000001100001000
000001000000001000001010
000000110000011000000111
000000110000011100000001
000010000000010000000011
000110110000010000000001
001111000000111000000100
010001110001000000000100
001110110000101100000101
001101010000101100001010
001000100000011100000100
000011010000100100001010
010101000101011101101001
101000001010111111001110
011101101001100110111100
010110000111101010011000
010000100100111001100000
001100110100010101001110
001011000011010101000100
001100010010111000111001
001101000010111000110010
001011110010110100101110
001101010010110000101111
001101100010111000101100
001111010010011100100101
010101010001111000100001
011011110010000100011011
101000100001111100001111
110010100010000100000100
110101000010000100001111
011101000010011000011001
000000100000010100000110
000001100000001100001001
000001100000000100001010
000001010000001000001000
000001000000001100000100
000000100000001100000011
000001110000010000000010
001000110000100000000111
010010100000111000001101
010110110000110100000111
010111110001000100000100
010110010001011000000011
001110110001111100011011
011110011000001010010000
011100000111110010001111
010110100110110010001010
010100110110011110000001
010000110101001101100111
001100100100000101001111
001010010011010000111101
001001110010111000110011
001011010010101000101110
001011000010100000101010
001010100010100000100110
001011010010010100100010
001101000001101000011001
001111010001000100010011
010001110001000100010000
011000010001011000001111
100000010001011100000111
100010110001101100001110
010111000010001100011101
000001000000001000001000
000001010000001100001001
000001010000001100000110
000001000000001100000001
000001100000001100000000
000011000000000100000100
000010000000000100000011
000101100000010100000011
001110010000011100000011
010111000001001100001001
011011100001010100000101
100001000010000000001111
100100010101111001011101
011101100111100010001011
010000010100110001011101
010000110101001101101010
001111110100111101100110
001101010100001001010110
001011110011101001001010
001100000011011001000001
001010110011000000110110
001010000010100000101101
001010000010011000101000
001010000010000100100000
001010110001101100011001
001011100001000100010000
001010110000011000000100
001011010000100100000010
001101110000110000000110
010010100000011100000010
010000010001010000001001
001101100010010000100011
000110010000001000001000
000011110000001000000010
000001110000010000000000
000000110000010100000010
000000100000010000000101
000010010000010000000101
000010100000110000000110
000101100000111000001000
010001000001010100001101
011100000001110100010100
011111010001110100010000
100010110011000100100001
101000110111100001111010
010011100101001101101000
010001110101000101100000
010000110101001101100101
010010000101011001101100
010000110100111101100011
010000010100100001011001
001111000100000001001110
001100110011010101000001
001010000010101100110010
001001100010011000101010
001010000001110000011111
001011010001010100010101
001011100000111000001100
001001100000010000000001
001001100000001100000010
001100010000001100001001
001101100000001100000110
001101100000111000001100
001101010010001100100100
001011000000100000001000
001001110000100100000100
000110010000010100000001
000010000000000100000001
000000100000001100001011
000101000000111000011001
010100010101011101011110
011101000111111010000100
011100100110011101101111
100000110110011001101100
100001100110011001100100
100011010110110101100010
011101110110110101101110
010001110101011001100111
010100000101100101100101
010100100110000101110000
010100100110000101110101
010100100110000001110010
010011100101100001101001
010001010100101101011011
001111100100000101010000
001101100011100101000011
001100010011000100110111
001011110010010000101000
001100000001100100011000
001100110001000100001101
001011010000101000000100
001001110000010000000100
001100010000000000000111
001100110000011000000011
010110010000111100001011
010001000010001000011010
000110100000001100001010
001010100000100000000111
001100110000101000000100
001010000000011000000100
000101110000001000000100
000111000000100000001110
001111100011100001000000
100000001000011110010010
100100101001011110100111
010111100110100101110101
010100000110000001101000
010110010101110101100010
010100100101011001011101
010101010110000101110000
011010100110111001110111
011001110111011110000101
011001000111100110001010
011000010111010010000011
010110000110100001111000
010011100101101001101010
010001100100111101011111
010001010100010101010011
001111010011101101000101
001110000011001100110101
001110000010010000100010
001110110001010000010000
010000000000111100001010
010000000000100000000010
010001110000100100000010
010101110000011000000000
100010100001001100010010
010110000010000100011100
000011000000000100000110
000101110000000100000001
001010000000010100000010
001101010000111000001000
001011100000101000000011
001010100000100000000100
000111000000110000001000
001010010010001100100100
011110110111111110000111
100010011001010010011111
010100010101100001101010
010001110101100001101010
010100100101110101101001
011000110110111001111001
011010100111011001111110
011101001000101010010111
011100111000110110011101
011010101000001010010010
011000010111011010001000
010110000110010101110111
010100100101100001100111
010011100100110101011011
010010010100001001001101
010001110011100100111011
010001110010110000101010
010001010001101100011000
010100010001011100010011
011111000010001000010111
100101100001100000001100
101000000001010000000110
101010000001100000010000
011011010001101100100011
000110110000110100001100
000110010000011000000100
000111010000010000000010
001001000000011000000010
001010100000011100000001
001100100000010100000001
001010000000011100000010
000111010000010100000101
010000000011011000111001
100111101010100110101101
100011011001111010101001
010100100110011101111010
010100100110010001110001
011010000111101010000101
011101101000111010011011
011111001001110010101101
011110101001111010101111
011110001001101110101111
011010011000011010011101
011001000111011010001100
010111100110010001110111
010011110101010001100011
010010010100100001010001
010011000011111001000000
010011100011010000101111
010010010010100100100011
010001100001111000010110
011110110010011000011100
101101010010100000011111
101111010001110100010001
101100100001110000010000
011010000010001000100101
001000100000100100001100
001000000000010100000111
001010110000101000001011
001010110000011000000110
001011010000010000000011
001111100000101000001000
001110110000011100000011
001101000000011000000101
010100100001010000010101
100000000100111101001101
101001101010010010011111
010111100110111001111100
010101100110100101110111
011011011000010110010111
011110111001101110110001
100001101010101111000101
100001001011001111000110
100000111011000011000110
011111001010001110111110
011100111000110010101000
011001010111001110001110
010111110101111101110110
010101100100101001011010
010100000011100100111111
010101110011011000110100
010011100010011100100010
010001000001100100010101
010101010001011100010000
101000000011101000101100
110011110101000100111101
110010010011101100101011
011101100010011100101001
000011010000010000000011
000010100000000100000001
000100100000010000000100
000101010000010000000100
000101100000001000000010
000111100000010000000110
000111100000011100000101
001000010000101000000001
010110100001001000001101
100101100011010000101110
101101101000100101111111
010111100110100101110100
010100010110001101110100
011011011000010110011101
011111101001110110111000
100011001010111111001100
100010101011011111001100
100010011011011011001111
100010011011000111001111
100000001001111111000000
011100011000010010100100
011101100111000010001110
011001110101000001100111
011000100100000101001101
011001100011110000111110
010101110010101100100110
010001100001111000011000
010010000001101100001111
100110100010010100011011
111000010101101001001001
111000000101101101000111
100000000011010100110100
000001100000011000000011
000001110000011100000100
000001100000010100000011
000001110000001100000100
000010100000010000000101
001001000000001100001101
001001110000100000001110
001010110000101100001011
011000010010110000101100
101011000110100001100110
101101011000101010001001
010101010101110101100110
010010010101100101101010
010111110111010010001100
011111111001010110101110
100101011010100111000010
100100001010101011000011
100011001010101111000111
100011111011000011001111
100001111010010111000110
011111011001001110110101
100000010111111010011111
011110000110001101111110
011101010101100001100110
010011110010110100101110
010000000001110000010101
010001100001101000010001
100000110001101100011001
101111110010001000011110
110011010011001100100011
101110010011110100100100
011010000011010100101101
000001100000010100000010
000001100000001100000001
000010000000001100000101
000010000000001100000110
000011000000011100001100
001000010010000100011100
001110010011111000110110
010111100101001101010100
100000000111110101111110
011010000111001001110010
010110100101110001100001
010000000100011101001111
001110000100010101010100
010010100101110001110001
011110101000100110100000
100010001001010010101010
100100101001101110110101
100101011001110110110110
100011011001100110111000
100010111010000011000100
100001111001111111000001
100011010111111110100010
100100110111001010010001
100001000101101101101110
011001110011011101000001
010011000001111000011110
010001100001000100001001
011011100001100100001011
101111010010001100010111
110011010001011000001010
101110010000111100000101
011000110001111100011100
000001000000100100000010
000001010000010000000010
000100000000101000001101
001010110010100000101110
010011100101001001010111
011001110110110101101111
010111100110011101100111
010101010101111001100010
010011100101110001100001
010000110101100001011101
010100000110001101101010
010010000101101101100100
010001110101101001100110
010001100101111001101110
011110111001101010110011
100110001011110011011010
100110101011000111001010
100100100111000101111100
100100010101010101100001
100100100110101010000100
100100010111101110010111
100011110110100110001000
100100100111001110001101
100001010101011001101000
100111010110001101111110
100111110110101010001010
100010100100111001011101
011101000010111100111001
101100000001111000011010
110110000001100100001000
110001100000111100001000
010111110001101100011011
000001010000011100000101
000010110000101100001101
001110100011101000111110
011101110111101110000001
100000111000111010010100
011110111001000110011011
011101111001011010100001
100001001010110110111001
100000111011010111000101
100000111011111111010000
100001011100010011011001
100001001011111011011000
011111011010110010111011
010110011000001010001010
011111101010110110110110
100100111100110111011010
100100011101010111100100
100101101010100010111111
100111010101101001100111
101010110010100100100101
101001100010011000101000
100110110100011101010101
100110000101011001101010
100101110011101001000011
101000110100100101010000
101001100111000110001110
101111011000110010110101
101111111000001110100110
110011000101110101011101
110111100011110000100011
110100110011100000101000
011011110010101100110000
000010000000011000001001
000010000000011100001100
000010100000111000010011
001000100010101000101110
001101000011110001000001
001111110100110001010101
010101100110101001110101
011010111000101110011001
011101111010011010110101
100010011100001111010100
100011101100111111100101
100011101100100111101001
011011101001101010101010
011001111000110110010010
011111011010110010110101
100010111100100011010111
100100111101001011100000
100011011100011111100111
100110111010000110111110
100111100101000101011011
101011100010110100110000
101100100001111000010111
101001110010110000101110
101000000010100000101101
101010000001101100010111
101010000010011100101001
110000000100111101010011
110000110110010101110101
110100010110010001011110
111000110101000000111111
110100010100110100111101
011101010011010100101111
000010010000011000001010
000001100000011000001000
000001110000101000001100
000001100000011100001001
000001110000001100000110
000010100000001000000101
000011100000100000001100
000101100001011100011100
000111010010011000101011
001001110011010100111010
010001100101110001101001
011111011001010110101010
011000010111001001111111
010101110110100001110010
011011101000110110011100
100000001010110011000101
100001111011100011010111
100011111100000011011011
100100101011111111011010
100010011001101110111001
100111000111110110011011
101010000100010001010001
101011000010110100111111
101100100010011100110000
101100100010000000010101
101011100001101000001011
110000000010000100001100
110010010011100000101101
110100100100101101000001
110110110100101001000100
110100100101000101001000
011101010011100100101010
000011000000101000001001
000010000000100100000110
000001110000100000000100
000011110000011000000100
000101110000010100000110
000010110000010000001000
000001110000010000001010
000010000000001100000111
000010010000001100000101
000010100000010100000101
000010110000101000001111
001110010011110001000100
011111111000000110001000
010010110101000001011010
010110000110001101110010
011111001000110110100010
011111101010010010111001
100000111010101011000000
100001001010011111000111
100001011001110011000001
100010011000111010101100
100010000111110010010000
100101100101101101101111
101101000100001101000110
101110100011010100101111
101110100010010100100001
110010110001111000001110
110010010010010100100000
110000100011010100101010
110000000100000100110010
110001100100100101000010
011100010011111000110101
000010110000101000001000
000010010000101000000111
000010010000011100000101
000011000000010100000100
000101000000100000001000
001001000000011000001011
001000110000010000001001
000110100000010000000010
001100110000010000000101
010000010000011100000111
000111100000010100000001
000101010000111100010010
011100100111110010000000
011101000111010110000101
011000010100111001100100
011100000110001001110011
011110010111011110000110
100000101000101010011110
100000011001000010101010
100000101000101110100101
100010110111110110011001
100100000110111110000011
100101010101110001101001
101001100100101101001011
101100010011100100110110
101100100010100000100011
101110000010010000011010
110000100010101100100110
110000000011100100101011
101110100011111100110000
101101010011111100111011
011011000011010100101111
000001110000011100000101
000001100000011000000100
000010000000011000000100
000010000000010100000011
000010000000001100000010
000110100000100000000101
001110010000011100000101
010001000000100100000010
010100010000110000000100
011000000000101000000111
010010010000100000000110
001000010000100000001011
001111010010011100110001
100101000111001110000101
011110110101111101100110
011101000100101101001110
011101000101000001010111
100000100101111101101011
100001110110011001110011
100001010110000101101100
100001000101101001100100
011111010100101001001110
100000010100000101000010
100001000011011000110101
011111110010101000100111
011100110010001000011101
011001010001101100010110
011110000010010100100000
101101100011111100111001
110011010011101000110110
110000110011110100111110
011010010011001000101001
000001110000011100000101
000001010000010100000011
000001100000010100000011
000001110000010000000011
000010000000010000000011
000010000000100000000001
001101000000010100000001
010101100000100100000010
010100100000110100000000
010101000000101000000110
011000100000111000001011
011101100001100000001011
011101010001111000011100
011100110100010101000011
100011000110010001100101
100011110101000001011001
100000100100000001000010
011111100011101101000001
011111110011110101000111
011110000011101001000010
011100110011100100111101
011010010011010100110001
011010010011010000101100
011000110010101000100011
010101010001110100011001
010001110001100000010110
001111000001010000010101
010011100001010000010001
100101110010110000011111
110100100100010100110011
110010010100011100111110
011010100011000100101010
000001100000011000000100
000001110000011100000101
000001010000010000000010
000001110000001100000010
000010000000010000000011
000010000000001000000100
000101110000010000000011
001101110000011100000110
001101110000010100000010
001000000000000100000001
001010010000011000000100
010111100001011000001110
100001100010001000100001
100010000011100000101100
100011100100001000101111
101110000101000101000010
101101110100111101000011
100110010100000000110111
100001010011101000110101
011110110011010000110010
011101110010101000101001
011100000001111000100011
011011110001111000100010
011010000010000000011101
010101110001100100010010
010010100001011000001111
010100110001101000010101
100001010001100000001111
101110000010010000001110
110111110100010000101000
110010100100110100111110
011011000011011100110001
000011000000110000001010
000001000000010000000010
000001110000010100000011
000001110000010000000011
000010010000010000000100
000010110000001000000100
000000100000010100000000
000100010000010000000001
000101010000001000000001
000001010000010000000001
000011100000011000000100
001000000000110100000111
001100100001001100001011
001100010001011100001011
001100010001111100001100
010111100010101000011110
100110000100001000110010
101101000101111001010000
101001000100110001000001
100111000011111100110011
100111000011101000101010
100100000010111000101000
100001000010010100100011
011111010010001100011011
011101110010000000010111
011100010001110000010111
011110110001100100011000
101010000001011000010000
110010110010101100010111
110111110101010000110101
110001000101101001001010
011010010011010000110011
010001110100011001000100
001000010010000100011111
001000000010000000011110
000111100001110000011011
000111100001110000011011
001000010001110000011011
000110110010000000011010
000111100001111000011001
001000000001111000011010
000111010001111100011011
001001010001111100011101
001010010010000100100000
001011000001111000011111
001000100001110100011101
001000100001111000100001
001001010010011000100111
010010110011010100110010
100101000110110101101101
100100010101100101011001
100001110100010100111111
100011000100011000111001
100101000011111100110111
100111000100000100111101
100101000100000100111010
100001010011100000110001
011110010011000000101101
011011110010101000101001
011101110010110000100100
100101110011011000101100
101001000100101000111100
011101010011110000110010
001011110010010100011110
