111111111
111111111
111111111
111111111
111111111
111111111
111111111
110111111
110111111
111111111
110111111
111111111
111111111
111111111
111111111
111111111
111111111
111111111
111111111
111111111
111111111
111111111
111111111
111111111
111111111
111111111
111111111
111111111
111111111
111111111
111111111
111111111
111111111
111111111
111111111
111111111
111111111
111111111
111111111
110111111
111111111
111111111
111111111
111111111
111111111
111111111
111111111
111111111
111111111
111111111
111111111
111111111
111111111
111111111
111111111
111111111
111111111
111111111
111111111
111111111
111111111
111111111
111111111
111111111
111111111
111111111
111111111
111111111
111111111
111111111
111111111
111111111
111111111
111111111
111111111
111111111
111111111
111111111
111111111
111111111
111111111
111111111
111111111
111111111
111111111
111111111
111111111
111111111
111111111
111111111
111111111
111111111
111111111
111111111
111111111
111111111
111111111
111111111
111111111
111111111
111111111
111111111
111111111
111111111
111111111
111111111
111111111
100100100
011111111
101101101
100100100
101101101
111111111
111111111
111111111
111111111
111111111
111111111
111111111
111111111
111111111
111111111
111111111
111111111
111111111
111111111
111111111
111111111
111111111
111111111
111111111
111111111
111111111
111111111
111111111
111111111
111111111
101100100
100100100
110101100
100100011
011111010
100011001
010001101
011111010
011111111
100100011
100100100
101101101
110110110
110110110
110110110
111111111
111111111
111111111
111111111
111111111
110111111
110110111
110111111
111111111
111111111
111111111
111111111
111111111
111111111
111111111
111111111
100100100
110110101
100011110
010001101
010101001
011111010
100111110
010001100
010001000
010101000
010101101
010110001
011010101
100011010
100100011
101100111
100100100
111111111
111111111
111111111
111111111
110110111
110110111
110111111
111111111
111111111
111111111
111111111
111111111
111111111
111111111
100100100
110110101
011010001
011000100
011000100
010100100
011111010
100111110
011010101
001100100
010000100
010000100
010000100
010000100
001100100
001100100
010101101
100011110
111111111
111111111
110110111
110110110
101110110
101110110
110111111
111111111
111111111
111111111
111111111
111111111
111111111
100100100
110110101
010110001
010100100
100001000
011000100
011000100
010101101
100111110
101011110
001100100
010000100
010000100
010000100
010000100
010000100
010000100
001100100
100011001
011111111
110110111
110110111
101110110
101110110
101110111
110111111
111111111
111111111
111111111
111111111
111111111
100100100
110110101
011111010
010000100
011000100
011101000
011001000
011000100
010100100
100011111
101011110
010110001
010000100
010000100
010000100
010000100
010000100
010000100
010000100
010101100
011111010
110110111
110110111
100101110
101110110
101110111
110111111
111111111
111111111
111111111
111111111
111111111
101101101
101101011
010001000
011000100
011000100
011001000
011101000
011000100
011000100
011010001
100111110
100011010
010000100
010000100
010000100
010000100
010000100
010000100
010000100
010000100
100011001
100011111
110110110
100101110
101110110
110110111
110110111
111111111
111111111
111111111
111111111
110110110
110110101
110101010
010101100
010100100
011000100
011000100
011101000
011000100
011000100
011001001
100011010
100011010
010001000
010000100
010000100
010000100
010000100
010000100
010000100
010000100
011001101
100011110
101110110
100101110
101110111
110110111
110110111
111111111
111111111
111111111
111111111
110110110
110110110
110101100
110101010
100111110
010101000
011000100
100001000
011000100
011000100
011001000
100011010
011111001
010001101
001100100
010000100
010000100
010000100
010000100
010000100
010000100
010000100
100011001
100011111
101101110
101110111
110110111
110110111
111111111
111111111
111111111
111111111
110110110
101101100
111110101
110110100
110101111
110101010
100111001
011110001
011101000
011001000
010100100
011110110
011110101
100011010
001100100
010000100
010000100
010000100
010000100
010000100
010000100
010000100
011010001
011111010
101101110
101110110
110110111
110110111
110111111
111111111
111111111
111111111
110110110
101011110
101101011
111110100
110101111
110101100
110101011
110101111
110101010
101100110
101011110
100011001
100011110
100011001
010001101
011010001
011110001
011110001
011110101
011110101
011110101
100010101
100011001
100111110
011111111
100101110
101110111
110110111
110111111
111111111
111111111
111111111
101101110
101011010
101100110
101010101
101100010
110101010
110101111
101100111
101100111
101100111
110101011
110101011
100011111
100011111
100011010
100011001
100111110
100111110
100111110
101100011
101100111
101101011
110101011
110110100
100100011
100101110
101110110
110110111
110111111
111111111
111111111
111111111
110110110
100011111
101111110
101001100
101001000
101001101
101010101
110100110
110101110
111101111
111101111
110101111
101100111
110101010
101100010
110101010
110101110
110101110
110101111
110101010
101100110
101100010
101011110
111110011
100100100
101101110
101101110
110110111
111111111
111111111
111111111
111111111
101101101
101101011
101100011
100101101
101001000
101001000
101001000
100110001
100101100
101010101
101111001
100110101
110101111
111101101
011010101
011001101
011101100
010101000
010100100
010100100
011100100
011100100
011110001
101100111
101110110
101101110
101110110
101110111
111111111
111111111
111111111
111111111
101101101
101100010
101100111
110101011
100010101
100001000
101001000
101010101
101001000
101001000
101001000
100010001
111101110
111110010
010001000
011000100
011100100
011000100
011000100
011000100
100000100
011000100
100111110
100100011
101110110
100101110
100101110
101110110
111111111
111111111
111111111
111111111
101101101
101100111
101111001
101010101
110101001
101100001
011110001
100010001
100001100
100101000
100001000
100111111
111101110
110101110
001100100
011001000
011001000
011001100
011001100
011001100
011110001
011010001
101100111
101101100
101110110
100101110
100101110
101110110
111111111
111111111
111111111
111111111
101101101
100100011
101110101
101001000
101001100
101010000
101011001
110100110
110101010
110101010
101100110
101101011
111110010
101100010
101011110
110101010
110101010
101100110
101100010
101100010
100111101
011110101
110101111
110110111
101101110
011100101
100100101
100101110
111111111
111111111
111111111
111111111
101101101
100100011
101010001
101001000
101001000
101001000
101001101
100101100
100101100
100110001
100010001
101100111
111110010
011010101
010101000
010100100
010100100
010100100
011000100
011100100
011000100
100010101
110110101
100100100
100100100
011100100
011100101
100101110
111111111
111111111
111111111
111111111
100100100
100100011
101100011
100001000
101001000
101001000
101001101
101001101
101001000
101001000
100111010
101101101
110101100
011010110
010000100
011000100
011000100
011000100
011100100
011100100
011000100
101100110
101101100
100100100
011100011
011100100
100101110
100101110
111111111
111111111
111111111
111111111
100100100
100100011
101100111
100100011
100001100
100101000
101010001
101001100
101001000
101001000
101100011
101101011
101101011
101101011
010101101
011000100
011000100
011000100
011100100
011000100
011001000
110101100
100100100
100100100
101101101
100101110
100101110
100101110
111111111
111111111
111111111
111111111
111111111
101100111
101010101
101011010
110101110
100111001
011001100
100101000
101001000
100101000
101101011
110110011
101101011
011010101
010000100
010000100
010000100
010101100
011010001
100011001
100111001
110101100
101101101
101110110
101110110
100101110
100101110
100101110
111111111
111111111
111111111
111111111
111111111
101101101
100111110
100101000
100101100
110100001
110101010
100011001
011110101
011110001
011111010
101100111
100011110
100111101
110100110
110101010
110101010
110100110
101100010
100111101
100111110
100100011
101101110
100101101
100101101
100101110
100101110
100101110
111111111
111111111
111111111
111111111
111111111
111111111
100100100
100100011
011101000
101001000
101110101
101010001
101011001
101011001
110101100
111110010
100011001
011001000
011101000
011101000
011101000
011000100
100000100
010100100
101100110
100100011
101101101
101110110
101110110
100101110
100101110
100101110
111111111
111111111
111111111
111111111
111111111
111111111
110111111
101101101
101101100
100010101
101010101
100101000
101001000
100001101
110101111
111110110
010101101
010100100
011000100
011000100
011001000
010101000
010101101
011010101
110101111
101101101
110110110
110110110
100101110
100101110
100101110
100101110
111111111
111111111
111111111
111111111
111111111
111111111
110110111
110110111
101100100
110110100
110101001
100111001
011110001
011010110
110101010
111110010
001101000
100010101
101011110
110100110
110101111
110101111
101100111
100100011
100100100
110110111
110110111
101110110
100101110
100101110
100101110
101101110
111111111
111111111
111111111
111111111
111111111
111111111
110110111
110110111
110111111
101101101
101101100
110101100
110101111
101101100
110100101
101100010
100100010
110101111
101101100
100100100
100100100
101101101
111111111
111111111
110111111
110110111
100101110
100101110
100101110
100101110
100101110
101110111
111111111
111111111
111111111
111111111
111111111
111111111
110110111
110110111
110111111
110111111
111111111
110110110
101101101
011111111
100100011
100100011
110110110
111111111
111111111
111111111
111111111
111111111
111111111
111111111
110110111
101110110
100101110
100101110
100101110
101110111
101110111
110110111
111111111
111111111
111111111
111111111
111111111
111111111
110110111
110110111
110111111
110111111
111111111
111111111
111111111
111111111
111111111
111111111
111111111
111111111
111111111
111111111
111111111
111111111
111111111
111111111
110110111
101110110
101101110
101110110
101110110
101110111
101110111
110111111
111111111
111111111
111111111
111111111
111111111
111111111
110110111
110110111
110110111
110111111
111111111
111111111
111111111
111111111
111111111
111111111
111111111
111111111
111111111
111111111
111111111
111111111
111111111
110111111
110110111
101110111
101110111
101110111
110110111
110110111
110111111
111111111
