011011010110111001101111
001110010011101000111011
001011110010111100110001
001011110010111000101110
001100010010110100101111
001100110010110000110000
001101010010110000110010
001100110010110100110000
001100110010111000101111
001101000010111100110001
001101100010111100110010
001111010010111000110111
001111010010110100110010
001111010010101100101111
001111010010100100110011
001111010010110000110100
001111000011000000110101
001101100010111100110000
001011010010110000101011
001011100011000000101111
001011000010110000101101
001010100010110000101101
001011000010111100101111
001100000011000100110110
001011110010111100110000
001011010010111100101111
001100000010111000110001
010000000010111100101111
010011100011001000101101
010010000010110100101010
010001100011001100101101
010000010011000000100111
001000000001111100011110
000001010000010000000100
000001010000010000000011
000010000000001000000001
000100000000000100000100
000110100000000100001000
001001000000001000001110
000111100000001100001010
000110000000001100000111
000110100000001000000111
001000000000001100001011
001101010000001000011001
010000010000001000011000
010001110000001000010100
010010100000001100011011
010000010000001000011010
001101000000001100001101
000111100000001000000100
000010100000001000000001
000001000000001000000010
000001010000000100000001
000001010000001000000010
000001000000001100000010
000010010000001100001100
000010000000001000000101
000010000000011000001000
000111100000010000001111
010101010000101100001101
011101110001000000000100
011101010001011000001001
011101100011000000011100
011100010011001000011011
000000100000000000000000
000000100000000100000000
000001010000000100000000
000010010000000000000000
000100110000000000000010
000111110000000000000111
001010010000000000001100
001000000000000000001001
000110110000000000001001
001000000000000000001011
001011000000000100010000
010000010000000000011110
010100010000000100011001
010101110000010000001101
010110000000001000001110
010011100000001100010011
001111010000001100010001
001000100000000000000101
000010110000000000000000
000000100000000000000000
000001100000000000000000
000001110000000000000101
000010010000000000000011
000010010000000100000010
000001000000001100000000
000100110000000000000100
010000010000001000001001
011101100000111000001000
100010110010000100001000
101000100100011100011010
110011001000001000111110
110011101000101100111001
000000110000000100000001
000001000000000100000000
000001010000000000000000
000100000000000000000100
000110100000000000000101
001000100000000000001001
001000000000000000000111
000101100000000000001000
000101110000000000001010
001000110000000000001011
001110000000000100001111
011001100000011000001111
011100110001010100001100
100000010010101000010100
100001000001010000001010
011101100000100000001001
010100100000010100001101
001011010000000000001110
000100010000001000000110
000000100000001000000000
000001000000000100000000
000001000000000000000001
000001000000000000000010
000001010000000100000010
000010110000001000000100
001110110000001100000110
011101000001011000000111
100110000011111100010000
101010110110101100101001
101000100110011100101100
100011100100101100110001
100100000100001000101101
000000110000000000000000
000001000000000000000000
000010100000000000000001
000101010000000100000101
000111010000000000000101
001000110000000100001001
000101110000001000000111
000100010000000100001000
000110000000000100001010
001011100000000000000101
010011010000001100000110
011110000000111100000101
100110010100011000100011
110100001001010101010000
110001000110101000101000
100100000010000000001101
011010010000110100010000
010000110000001000001100
000111100000000000000101
000001010000000000000000
000000100000000000000000
000000010000000000000000
000000000000000000000001
000001110000001000000010
000111110000000000000110
010111110000011100000011
100101110010110000000100
101100100110110000100011
011110100011011100101100
010110000000110100010111
010100100000011000010101
011100000001111100011001
000000110000000000000000
000001110000000000000000
000011100000000100000100
000110100000000100001000
001000110000000000001000
001000110000000000000111
000110010000000000000110
000110000000000000001010
001001110000000100001011
010010010000000000000100
011101100000101000000110
100011110010011100010101
101100010101110100101100
100001010011100000010111
101001110101110100110111
101110000101100100011011
100111000010000100001011
011101110000111100001000
010001100000100000000110
000111100000000000000111
000100100000000000001000
000011010000000000000010
000101000000000000000001
001001010000001000000010
010000100000010100001001
011110110001010100000110
101100000100001000010001
101101110110100000101101
010101010001011100010001
001111100000010100001011
010000000000010000010101
011001110010001000010101
000001000000000000000001
000010000000000000000010
000101100000000000000111
001001110000000000001100
001001010000000000001100
000110110000000100000111
000111000000000000000010
001001010000000000010000
001100110000000100001100
010111100000001100000110
100100010001110100001001
101110010101111000101011
100111110101010000100110
010100010000101000010000
010101000001000100011001
100110100100110000100010
101100100100111000010001
100110110010001100000101
011011010000111100000110
001110110000001000001101
001001010000000000001100
001000010000000000000101
001011010000000000000110
010000000000000100001010
011011000000111000001000
101000100010100100001010
110001000101001100011011
101011000101101100111000
001111110000011000010011
001100000000001100001101
001101100000001000010010
011001000010101000011011
000001110000000000000010
000011010000000000000100
000111000000000000001001
001010000000000000001100
001000100000000000001011
000110000000001000001010
000110110000001100001011
001010010000000000001001
010000100000000100001011
011010000000110000001010
101001100011101000010111
101110110110101100011110
011000000001101100011110
010000100000001100011011
001111110000001000010000
011000100001001100100110
101100100101101000100100
101100000011111100001111
100000110001101000000101
010111000000100100000110
010000010000000100001100
001110100000000000010111
010001000000010000001101
011000110000111000001001
100110100001111100000100
101101000011001100001110
110000010110011100011010
100001000100101000011101
001100100000000100010000
001011010000001000001100
001101110000000000010000
011001100010111000011010
000011000000000000000011
000101000000000000000111
000111100000000000001011
001000110000000000001011
000111100000000000001000
000101110000000000001001
000111110000001100010100
001101010000000100001010
010101100000000100001010
011110010010000000010011
110000000110000100100010
011111010011010100010101
001111000000010100010011
001101000000000000001110
001110100000000100001110
010011000000001000010101
011111000010011100100001
101111100110010000101101
101001000100000000011010
100000100001011000001001
011100010000100000001001
010111100000001000001010
011011110000101100001001
100100010001110100000101
101011000011001100010001
101110100101110100101000
100011000100110100010101
010100010001001100001101
001011010000000100010000
001010110000010000001011
001110010000001000010001
011010100011010000011111
000100100000000000000101
000111010000000000001010
001000000000000000001011
000111000000000000001000
000110000000000000000111
000111010000000000001001
001010000000000000001010
010010010000001100001001
011010100000100100001101
100111100100110100100010
101010010101001000011001
010100000000011100011000
001100010000000000010000
001011000000000000000111
001110010000000000001011
010010110000001000011001
010101010000001100100001
100000010011011000100111
110000100111000000101001
101010010011101100001110
100101110001101100001100
100010010001001100000010
100101010001110000000000
101011000011111100010010
110011110111101100110010
100111010101011000110001
010101000001000000011010
001101000000000000001001
000111000000000000000111
001001000000001100001000
001110110000001100010000
011011000011100100100010
000110000000000000000111
001000110000000000001011
001000010000000000001011
000101010000000000000110
000101010000000000000110
001000110000000000000111
010000100000000000000101
011000110000011000000100
100010000010111100011000
101010100110000100101101
011101100010001000010111
010011010000001100010111
001110100000000000001101
001110110000001100001110
010011110001000000010101
011011010010101000011101
011110110011000000100100
011000000000111000011000
011100000001100000010100
100111010011111000010110
101110110101001100100011
101101100100110000100011
101101010101010000100010
110000010111100100111011
100110000100101000101010
010110110000111100001110
001110010000000100001010
000111010000000000001011
000010110000000100000100
000111000000000000000100
001110100000001000001110
011010110011101100100010
000111000000000000001000
001001100000000000001100
001000010000000000001010
000100110000000000000110
000101010000000000000111
001010110000000100001000
010110000000001000000101
011111100001011000001010
101111000111001100110110
100010110100001000110011
010110010000010100011010
010010110000000100001101
010100100000111000001100
011010110010110000001101
101000010110010000101110
101101110111101000110100
110001001000001100110101
011111000001101000011011
011000100000000000100111
011000000000010100100011
100001000011000100011110
101110000110100000101100
101011110110010100100110
011101010011000100011100
010110100000010100100010
001111110000010000011001
000111100000001000001111
000011110000000000000100
000010010000000100000011
000111000000000000000101
001111010000010000010000
011011000011110100100010
001000010000000000000110
000111100000000000001000
000110000000000000001010
000111100000000000001010
001011010000000000001100
001111110000000000010100
010110110000011100001111
101011010110010100110011
101100000111010001000001
011001000001001100010100
010110100000010000010100
011110110010111100100010
100110110101111000100101
011101010011110000010101
010111100010000000011100
010110000001001000011001
100111010101100000101011
100110110100111000101010
011010000001000100011100
011001000000100000011000
011001010000101000010101
011110110010100000011110
101001100101111100110110
100001100100010000110000
010001000000101100010110
001001110000001000001001
000100110000000000000011
000010100000000100000100
000011010000000000001000
001010000000000000000110
010001000000010000010001
011101100011110000011101
000111010000000000001001
000101010000000000000010
000101110000000000001000
000111110000000000001011
001101100000000000010010
010010010000001000010101
011111100011111000100100
110010011001011101010011
011100100010110000011000
010111100000111000010000
100110100100001100100111
100100110101000100100111
010110000010010000010010
001110010000011100010011
001101110000001100001010
001111100000000000001101
010111110001110000100000
101110011000100101000010
110001111001011001000001
110100001001110101010111
110011101001110101001011
110110011010011101001110
111011111100001101100110
100111110111010000111011
001100100000101100000111
000110010000000000001000
000011000000000000000101
000010010000001000000000
000101000000000100001101
001100100000000000000110
010101100000100000011010
100100000100100100110000
000110010000000000001010
000101100000000000000011
000101110000000000000101
001010100000000100010001
010000000000000000010000
011000100001001000001011
110000001000000100111111
110101001001011001010010
100000100011001100011000
011111010011111100010000
100010110100001000100000
010000110000100000011010
001010110000000100010001
001001100000000000001101
001011000000000100001111
001110010000000100010100
010010000000001100011001
011011100010000000011000
101000010101011000100001
101000100101010000101100
100110110100100100101010
100101110100010000100110
101111011000000101000100
011011110101000000100010
001000000000100000000001
000011100000000100000100
000010100000000000000110
000010110000000000000001
001000000000000100001101
010000100000001000010011
011000100000100000011111
100101110100100000100110
000101110000000000001001
000110000000000000000100
000111100000000000001010
001101010000000100010010
010100000000010000000110
100110010011110100001100
110110011000010100100110
110100111000001000110110
110011011000001100111010
011101000011111000100010
001111010000101100011000
001010110000001000001011
001000100000000100001001
001001000000001100001010
001010110000000100010110
001110000000000000010010
010010000000000100010110
010101000000001100100011
011111000010100000100000
101010100101100000101100
101101100110101000101100
101010110110110100100101
011110100100101000101100
001010010001001100010001
000011110000010000000100
000001110000001100000000
000010010000000000000011
000101100000000000001001
001100000000000000010001
010100000000001100010000
011010100001001000010011
101000110101100000101100
000101110000000000000111
000111000000000000000101
001010010000001000010011
010000000000000100010010
011011100001011000000100
101100110100111000010110
101100100100011100010000
110011110111010000100010
101111010111100100100011
010100010001100000001101
001001100000000100001010
001001100000001100000111
001000100000000000001011
001001000000001000000011
001011110000000100001110
010001000000011000010001
010110110000100000100010
011001000000001000011111
100000010010101100011011
110001101000010101000000
100111010101110000101011
011100000010111000011101
001110000000100100000101
000100100000000000001010
000001010000001000000011
000000110000001100000000
000011010000000000000100
001000000000000000001010
001111110000001100010101
010111010000111000010101
101010100101111100110000
101101010111001101000100
000110000000000100001000
001001100000000000001000
001100110000001000010101
010011000000100100010101
100110110011000100000111
101111010100110100010001
101101000100011100010100
110101001000011000111010
011111010011110000011100
001110100000010000000100
001001000000001000001010
001000000000001000000100
001001100000001000001101
001011100000000000010001
001110110000000100010110
011011100011001000110000
100101000101001000110111
011110100001110000010110
011110000001100000011001
101111010111110001000100
110111111011000001001001
011100010011110100011110
001001010000010000001000
000010110000000100000111
000001100000001000000010
000000100000001000000000
000100010000000000001000
001101010000010000001100
010101000000111000010011
100110110100111100101100
101111100111000000110111
011110010010000000010101
000101100000000000000110
001011110000000000001001
001111010000001000010110
011011010001101100001011
101110010100100000000110
101111110100001100010001
110101100110110100011100
101001000110010100011101
001111000001000100001011
001001110000000000001101
001000100000000000001011
000111110000001000000010
001000000000001000000111
010000010000100000010011
010100000000111100001111
100100110101111101000001
111001011011101001100111
110010011000110101000101
110000101000000000111111
110001011000001001010000
011111110100010100101001
001101010000110000001000
000110000000001000000101
000010000000000100000011
000001100000000000000000
000010010000000000000000
000111110000000000001010
010011110000100000001111
100010100011111100011110
101100000110001100101110
100000100010001000010111
011011110000001100000100
001000100000000000001100
001110100000000000010010
010100100000100100001101
101001110011100000000101
110000010100111000001100
110000000101010000011110
110110101000011100101110
011100010011010000010111
001101010000010100001100
001010100000000000010101
001001000000000100001101
001010110000001000000101
001101000000000000001100
011010100010010000011000
100111000101011100101111
101001100110110100111001
110000101000011001000010
101010100110100101000010
100110010101011100110111
011111000010011000100000
010011010000010100010110
001010110000000100010011
000110100000001000001001
000001110000000100000000
000010000000000100000000
000100100000000000000001
001011110000000000001110
011001100001000100011100
101010100101101100111001
101110010110100000111100
100000110010011000011011
011000110000010000001000
001100100000000100010100
010000100000001100001111
100011000010011100001001
110010100100111000001000
101010100011001000001011
101111100110100000101101
101000110101101000111000
010011110000101100010111
001111010000000000010000
001101000000000000001110
001010000000000100001100
010000110000001100010111
010110010000100100010000
011001110000101100010011
110010101000111001001011
110000101001001001001110
100100000100101100110110
011001100000110100010000
011000000000001100001100
010110000000000100001111
010011100000001000010001
001101110000000000001100
000110110000000000001000
000001110000000000000100
000010000000000000000010
000110010000000000000111
001110110000000000011100
010101100000001000010111
011010000001010100010010
100110100100011100011101
100001000010111100010001
010101100000001000010000
001110110000000000010011
010110100000111100001110
101101110100000000001011
101111000100101000001000
101010110100101000100000
110000110111011000111111
011101010010000000100001
010001000000000100001111
001111100000001000010000
010000010000000000010000
010001100000100000001111
010111100001001100010110
100101110100010100100010
011101010001010100011000
110001111000110001001010
110100111010111101010011
101111001000000001001111
101000100101100100110101
100010000010111100101101
011001100001001100100101
010101110000101100011000
010001010000011000001100
001011100000010000001000
001000110000000000001000
001000010000000000001000
001011110000000000001110
010010100000000100100011
010110010000010000011100
011111000010101000100000
101001110101001000100111
011000100000111000010010
010010010000001100001000
010000000000001000010000
011111000010001100010010
101111000100011000010011
110000100101101100100010
110010101000111001001000
100100100100011000100111
010111000000011100010010
010011110000000100011000
010110000000011000010111
011010000001010100010101
100111010101100000101110
100100000011111100011100
110000010110010000100011
101101110100101100010011
110110101000011100100111
111010011010001000110001
111100001001001100101001
111101011010011100110101
111010011010101001010001
110001101000101101001010
101100110110110100111000
100110000100000000100101
011100110001000100010001
010100000000001000001011
010001110000001100001001
010011100000000100001101
010110100000000000011011
011001100000110100011010
101011100110000100101011
100101010011111100011101
010101100000001100011101
001111010000001000001111
010111100000111100010010
101110110011111000010000
110000110101110000100001
110101101001011101000100
100111010101001100101111
011100000001011100100010
011000100000111000011011
010111000001001000100110
100111100101101101000110
101101000110100000101111
111000001010100001001011
110011100111110100101111
101100110100100100010111
110000110101001000001111
110101010110010000001000
111001110111001000010010
111110000111110000001100
111110101000010000010010
111101101000110000011101
111101011001101000100111
111011111010000100111110
111001011010010101001110
110011001000111101000001
100010100100100000110000
011001000001010100010111
010111100000001000010001
011000000000010100011111
100110000101000000100011
101101000101111000101000
011011010001000100000110
010001010000000100001011
001001010000000000001100
100011000011010100010011
110000010101000000010101
110111101001001101000010
101101000110111000110011
100000000001101100010010
100111000100110100101011
100011110010111000011111
101010010110011100111100
111001011011100101011001
110111011001100101000000
110100010111000000101110
110011100101111100011010
101101010100000100001000
101101010011111000000101
101100110011011100000001
110010000100100000000111
111011100111001000001010
111110001000000000000111
111110001000001000000110
111100111000000000001100
111100001000011000011100
111100101001011000100100
111100001010000100101100
111001001010100101001110
101110111000010101010101
100110100101011000110100
101000100101001100101101
101111000110011100101111
011111110010001000001100
010101010000001100000100
001100010000000000000101
000100110000000000000110
101101010100010000011001
110001100110111000101010
101101010111100100110100
100000100011001000010101
101100100110011100101111
110000011000100001001100
110001000110111100110110
110101001000000101000000
110110111001010101000111
111000011000001100110101
110001010100100000011001
110000100100001000001010
101110010011100100000001
101011000010100000000001
100111110001100100000010
101111000011101000001000
111011010111010100000110
111101011000001100000000
111110101000011000000011
111010000110101100000111
111001000110010100000011
111110010111111000001000
111110010111111100001100
111101101000110100010100
111110101011000000111110
111100011100110001100010
110110111010100001000111
100011010010011100010010
010110000000000100001010
001110110000000000001000
000110000000000000000011
000001100000001000000111
110000100101110100100100
111000001010100001010011
101101100111011100111000
101100010110000000101101
111000101010101001010010
110101001001011101011110
110001010101110000110001
101101010011100100010011
110011110111111100111011
110101110110100100101101
110000110100000100010010
101100110010110000001001
101000110001110000000001
100111010001010100000011
101000110001101100001000
110001110100101000000100
111100111000000000000001
111110011000010000000000
111100010111101000000011
110100100101011000000011
110100100101011100000110
110111110110001100000101
111010000110110000000101
111101001000001100000000
111110111000011100001111
111101011011001101001011
110010001000001101000010
011110000000111100001011
010000010000001000001011
001001000000000000001000
000011000000001000000100
000000010000001000000100
111001101010100001001100
111001101010001001010010
101110100110001100100000
100111100011101000011101
101010000100111100011111
100110000011010000011110
101010010010110100001111
110101000110111100100100
110010010111011000101011
110010010100001100001101
101000000001111100000011
100010010000011000000011
100011100000100100000000
100110010001001100000111
101001000010000100000011
110110000101111100000000
111110001000010000000000
111101000111011100000010
110110010101101000000010
110001000100100100000001
110011010101001000001000
110010110100110100000100
110110100101101100000101
111101000111111000000100
111110001001001100010111
111010001010111001001000
100110010100000100100010
011010010000000100001110
001011010000000000001010
000100110000000000000011
000010000000001000000001
000000100000000100000001
110101101000010000110110
110001100101000000010100
100101000001101100001101
011101110000100000010111
011101100000011100001110
011111110001001100001010
101111110110001000100110
110111010111110000101100
110001100100001000001101
100111100001110000000101
100001100000010100001010
100000000000000000000011
100010100000101000000001
100110010001100000000111
101100010011010000000010
111010000111001100000001
111101010111110100000101
110111100101110100000010
110001100100010000000001
110001000100011100000001
110001110100100100000001
110010110100011100000100
110111010101101000000100
111101011000000100000110
111011111001111000100111
101110010110110100110111
011100110001011000001100
010000110000011000001000
000101100000001000000100
000010010000000000000000
000001010000000000000000
000000110000000000000001
101110000100010100001100
101000100010001100001000
011110000000001100001111
011010010000001000010101
011100000000010000001100
100110000010011100010000
110100100111000100100011
110001100100110000001100
101001010010000000000100
100001010000011000001001
011111000000000100001011
100001110000010000000011
100101110001000100000011
101001000010000100000001
110100010101011000000000
111101101000000100000000
111001100110101000000011
110010010100101000000000
110001000100010100000000
110001010100010100000001
110001010100011000000000
110001110100100000000010
110110100101101100000111
111100001000011000001001
110111100111100100010011
100011000010000100001110
010110000000001000000100
001011010000001000000100
000010000000000100000010
000000110000000100000000
000000110000000000000000
000001000000000000000001
100110000010011100001010
011110110000100000010010
011010000000000100011111
010111110000000100011100
011101100001000000001111
101110110100110000011000
110001100101100000001111
101000100010100100000001
100000100000101100000101
011101010000001100010000
011110000000010000001101
100011100000110000000101
100111010001011100000011
101101000011000100000000
111010010111001000000000
111011110111011000000100
110101000101001100000011
110001110100100000000000
110001100100011100000000
110001010100011000000001
110001110100100000000000
110001110100100100000000
111000000110010100000111
111001010111010100000111
101011010011010100000011
011001010000011100000001
001101100000000100000100
000110000000000000000110
000001000000000000000000
000000110000000000000000
000001000000000000000000
000001010000000100000011
011011010000100000010111
011001000000001000010111
011001000000000100100010
011100000000011000011111
101000100010111000001010
110100010101101100001011
101001010011001000000110
100000000000101000001000
011101110000000000010111
011110010000000000010010
100001000000010000000101
100110010001010000001001
101001010010001100000011
110101010101110100000000
111100100111111000000011
110111010110000100000111
110010010100100000000101
110001000100011100000000
110001010100100100000011
110001100100100100000101
110001000100100000000001
110011100101001100000011
111011000111001100001111
110000100101000000000111
011110110000111000000101
010010110000001000000111
001000000000000000001000
000010110000000100000110
000000110000001100000000
000001000000000000000000
000001100000000000000001
000001010000000000000001
