111111111
111111111
111111111
111111111
111111111
111111111
111111111
111111111
111111111
111111111
111111111
111111111
111111111
111111111
111111111
111111111
111111111
111111111
111111111
111111111
111111111
111111111
111111111
111111111
111111111
111111111
111111111
111111111
111111111
111111111
111111111
111111111
111111111
111111111
111111111
111111111
111111111
111111111
111111111
111111111
111111111
111111111
111111111
111111111
000000000
000000000
000000000
000000000
111111111
111111111
111111111
111111111
111111111
111111111
111111111
111111111
111111111
111111111
111111111
111111111
111111111
111111111
111111111
111111111
111111111
111111111
111111111
111111111
111111111
111111111
111111111
111111111
111111111
111111111
111111111
000000000
000000000
101110110
010100100
000000000
000000000
111111111
111111111
111111111
111111111
111111111
111111111
111111111
111111111
111111111
111111111
111111111
111111111
111111111
111111111
111111111
111111111
111111111
111111111
111111111
111111111
111111111
111111111
111111111
111111111
111111111
111111111
000000000
011101101
011101101
100110110
011100101
000000000
000000000
111111111
111111111
111111111
111111111
111111111
111111111
111111111
111111111
111111111
111111111
111111111
111111111
111111111
111111111
111111111
111111111
111111111
111111111
111111111
111111111
111111111
111111111
000000000
000000000
000000000
000000000
100110110
100101110
100110110
011101101
011101101
000000000
111111111
111111111
111111111
111111111
111111111
000000000
000000000
000000000
000000000
000000000
000000000
000000000
111111111
111111111
111111111
111111111
111111111
111111111
000000000
000000000
000000000
000000000
000000000
110110110
001110110
110110110
101110110
011101101
100110110
011101110
001100100
000000000
111111111
111111111
111111111
111111111
000000000
000000000
011101101
010100100
001101101
110110110
011101101
000000000
000000000
111111111
111111111
111111111
111111111
000000000
000000000
110110110
001111100
010011100
001111011
010100100
101111111
000101001
101101101
001111011
100110110
011101110
010100101
000100100
000000000
000000000
000000000
000000000
000000000
011101101
100110110
100110110
010100101
001010010
011101101
001001001
000000000
111111111
111111111
111111111
000000000
000000000
011101101
011101101
011101101
100101101
011111111
011100100
100101110
011101101
000101001
001110110
100101110
011101110
010100101
001110111
111101100
111101100
111101100
111101100
101100111
100110110
100110110
100110110
100110110
010100101
010100100
101101101
000000000
111111111
111111111
000000000
000000000
011101101
101110111
100110110
100110110
100110110
100101110
100110110
100110110
100110110
011100100
001111011
001001001
010100101
100100011
101111101
111110100
111110100
110011101
111110100
111110011
110100001
101100111
100110110
010101101
010100101
011101101
010010010
000000000
111111111
111111111
000000000
011101101
101111111
101111111
100110110
100110110
100110110
100110110
100110110
011101101
100110110
011100100
010010110
001111100
011100011
110100001
111110011
111111100
111111100
111110111
111101111
111111100
111110111
110100110
011111111
010100101
010100101
010100100
011011011
000000000
111111111
000000000
000000000
100110110
101111111
101110111
100110110
100110110
100110110
100110110
100110110
100110110
100110110
010111111
100101100
010100100
010111010
111110011
110011101
111110011
111110011
111101010
110100001
111101111
111101110
110100110
110011101
011010110
010011111
000100101
000000000
000000000
111111111
000000000
101110110
101110111
101111111
100110110
100110110
100110110
100110110
100110110
100110110
100110110
100110110
010111111
100110000
010100100
010110001
111110111
110011101
111111100
111111100
111110100
110101010
111111100
111110011
110100001
111101010
011101000
000100100
000000000
000000000
111111111
111111111
000000000
101110110
101110111
100110110
100110110
100101110
011101101
011101101
011100100
101110110
100101101
100110110
010111111
100110000
010100100
010110001
111110010
110100001
111111100
111111100
111111100
111110011
111111100
111111100
110100110
110100110
110101010
101100011
000000000
111111111
111111111
111111111
000000000
100110110
100110110
100110110
100110110
011101101
011100100
000101001
000100100
010110110
011011111
011101101
010011011
011111010
010100101
010110001
110100101
111110011
111111100
111111100
111110111
111101010
111111100
111111100
111101010
110100101
110101010
100111111
000000000
111111111
111111111
111111111
000000000
100101110
011101101
100110110
100110110
100110110
011101101
011010110
011001000
011101000
011011010
010100101
011101000
011011111
000101001
110101010
110100001
111110111
111110111
111110111
110100001
110100001
111110011
111110111
111101010
110100001
110101010
011111111
000000000
111111111
111111111
111111111
000000000
000000000
010100100
100110110
100110110
100110110
011101101
101101101
101110110
101110110
100101101
001100100
011011010
010100100
010001100
110101010
101100010
111101110
111101110
110100110
111110111
111101110
110100110
111101010
101101011
100100010
100010101
011111111
000000000
111111111
111111111
111111111
111111111
000000000
101110110
010100101
100110110
100110110
100110110
010100101
010100100
010100100
010100101
010100101
010100101
001110111
110101100
011100011
010100100
011011111
110100110
111101110
111101111
111110111
111101010
100101100
011101101
011101101
001111011
010010110
000000000
000000000
000000000
111111111
111111111
000000000
000000000
110110110
010100101
100110110
100101110
010100101
010100101
010100101
010100101
010100101
010011111
000110010
010100101
100110110
011101101
010100101
010110001
111101010
111101010
111101010
100101100
100110110
100110110
100110110
100110110
010100101
001001101
001001001
000000000
000000000
111111111
111111111
000000000
000000000
101110110
011100101
010100100
010011111
010011111
010011111
010011111
010110110
011101101
011101110
100110110
100110110
011101101
010100101
001101000
100010110
110100010
101111000
011100011
100110110
100110110
100110110
100110110
010100101
010100101
011101101
011111111
000000000
111111111
111111111
111111111
000000000
000000000
000000000
101110110
101101101
101101101
101101101
101101101
110110110
100101110
100110110
100110110
011101101
010100101
001001101
101101101
110110110
110110110
110101100
010111100
011101101
100110110
100110110
011101101
010100101
010100101
001110010
110110110
000000000
111111111
111111111
111111111
111111111
111111111
000000000
000000000
000000000
000000000
000000000
000000000
011101101
100110110
010100100
010100101
010100101
001010010
101111000
101111000
101111000
101111000
110101100
110110110
001011100
010100101
010100101
010100101
010100101
010100101
011101101
011111111
000000000
111111111
111111111
111111111
111111111
111111111
111111111
111111111
111111111
111111111
111111111
000000000
001111100
011101101
001100100
001111011
010011011
100011111
100110100
100110100
100010000
001000100
100010000
011110000
100100100
001111011
001010010
001111011
001111011
010100100
001010110
110110110
000000000
111111111
111111111
111111111
111111111
111111111
111111111
111111111
111111111
111111111
111111111
000000000
001111100
010100100
001001101
101101101
110110110
110110110
110101101
100100100
010011011
010111111
010111111
010011111
010011111
010100101
001001101
110110110
110110110
010010110
001001001
000000000
000000000
111111111
111111111
111111111
111111111
111111111
111111111
111111111
111111111
111111111
111111111
000000000
000000000
010110110
000000000
000000000
000000000
000000000
110110110
001100100
010100101
010100101
010100101
010100101
010100101
010100101
001001101
000000000
000000000
000000000
000000000
000000000
111111111
111111111
111111111
111111111
111111111
111111111
111111111
111111111
111111111
111111111
111111111
111111111
000000000
000000000
000000000
111111111
000000000
000000000
001011100
011101101
011101101
010100101
010011100
001111011
010100101
010100100
010111011
000000000
111111111
111111111
111111111
111111111
111111111
111111111
111111111
111111111
111111111
111111111
111111111
111111111
111111111
111111111
111111111
111111111
111111111
111111111
111111111
111111111
000000000
100101110
011101101
100110110
100110110
001111100
010100100
010011111
001001101
001111011
110110110
000000000
111111111
111111111
111111111
111111111
111111111
111111111
111111111
111111111
111111111
111111111
111111111
111111111
111111111
111111111
111111111
111111111
111111111
111111111
111111111
111111111
000000000
011101101
100110110
100110110
010100100
100110110
011101101
010100101
010100100
000100100
110110110
000000000
111111111
111111111
111111111
111111111
111111111
111111111
111111111
111111111
111111111
111111111
111111111
111111111
111111111
111111111
111111111
111111111
111111111
111111111
111111111
111111111
000000000
011101101
011101101
100110110
011101101
011101101
011101101
010100101
010100100
011011011
000000000
000000000
111111111
111111111
111111111
111111111
111111111
111111111
111111111
111111111
111111111
111111111
111111111
111111111
111111111
111111111
111111111
111111111
111111111
111111111
111111111
111111111
000000000
110110110
001111100
011101101
100110110
011101101
011101101
010100101
001001101
110110110
000000000
111111111
111111111
111111111
111111111
111111111
111111111
111111111
111111111
111111111
111111111
111111111
111111111
111111111
111111111
111111111
111111111
111111111
111111111
111111111
111111111
111111111
000000000
000000000
000000000
010100100
010100100
010100100
010011011
001001001
000000000
000000000
000000000
111111111
111111111
111111111
111111111
111111111
111111111
111111111
111111111
111111111
111111111
111111111
111111111
111111111
111111111
111111111
111111111
111111111
111111111
111111111
111111111
111111111
111111111
111111111
000000000
000000000
101101101
011111111
110110110
000000000
000000000
111111111
111111111
111111111
111111111
111111111
111111111
111111111
111111111
111111111
111111111
111111111
111111111
111111111
111111111
111111111
111111111
111111111
111111111
111111111
111111111
111111111
111111111
111111111
111111111
111111111
111111111
000000000
000000000
000000000
000000000
000000000
111111111
111111111
111111111
111111111
111111111
111111111
111111111
111111111
111111111
