010101000101000101001001
010100110101001101001101
010101000101010001001111
010100100101000101001101
010100100101000001001100
010011110100111001001000
010100100101000101001100
010100100101000101001101
010101100101011001010001
010101100101010101001111
010101100101010101001111
010101010101010101010000
010101010101010101010000
010101000101001001001101
010101010101010001001110
010010000100000100110101
010001110100000100110101
010010000100001000110111
010010010100001100111000
010010000100001100111000
010010000100001100111001
010010000100001100111001
010010000100001100111001
010001100100001000111000
010001110100000100110110
010001100100000000110101
010001110100000100110101
010001110100000000110101
010010000100001100111000
010010000100001100111000
010010010100010000111001
010010000100001100111001
010100110101000001001000
010110110101110001011001
010011100100110101001011
010100000101000001001011
010010100100100001000101
010011000100101001000111
010011000100101001000101
010011100100101001000110
010011100100111001001011
010011100100111101001011
010100100101001001001111
010100000100111101001101
010011000100110001001001
010011100100110001000111
010010100100011101000010
010000100011101000110000
010001110100000100111000
010001010100000100111010
010001010100000100111011
010001100100001000111011
010001010100001000111010
010001100100001000111011
010001100100001000111011
010001100100001000111011
010001010100000100111010
010001100100001000111011
010001110100001100111100
010001010100001000111010
010010010100010000111101
010010010100010000111101
010011000100011101000001
010011010100100001000100
010100110101000001001000
011000000110000001011110
010001000100001101000111
010000110100001001000011
010000000011110100111111
010000010011111101000000
010000000011110000111100
010000010011110000111101
010001010100010001000101
010000100100001001000010
010001000100010001000100
010000110100001001000100
010000010100001001000011
010000010011111000111101
001111100011101000111001
001100010010100100100010
001101110011000000101100
001110010011010000110011
001101010011000100101110
001111000011100000111000
001110110011011100110111
001110010011010100110101
001110100011100000111000
001111000011100100111001
001110110011100000110110
001110110011011100110110
001111110011100100111001
001111110011101100111100
001111110011101100111110
010000100011110100110111
010000010011101000111000
010000000011110100111101
010100100100111001000111
011000010110000001011111
010001000100010001000110
010001100100010001000101
010000100100001101000100
010000010011111001000001
001111100011101100111101
010000010100000101000010
010000010011111101000010
010000000011111000111111
010000010011111101000001
001110110011101100111100
001111010011101000111010
001111000011101000111011
010000010100000001000010
001011110010100000100011
001111000011010000110000
010100110101010001010110
010001010100010101000110
001111000011100100111011
001111000011101100111100
001111010011110000111110
001111000011100100111011
001110100011100100111011
001111100011110100111111
010000000011111101000010
010001000100000001000010
001111110011101000111011
001111110011110100111101
010000000011110100111101
010000000011110000111100
001111110011110100111111
010100100101000001000111
010111100101111001011010
001111110011110100111110
010000110100001101000100
001111100011111000111111
001111100011110000111101
001111100011110100111100
001110010011100100111000
010000000011111101000001
001111110011111001000000
001111010011101100111101
001111000011100100111010
001111010011101000111010
001111000011101100111010
010000000011111101000001
001011100010100000100011
010000110011111100111101
010010110100101101001101
010011110101000101010011
001110100011011100111001
001111110011101100111100
001111100011110000111101
001111110011110100111111
010000010011111101000010
001111010011101100111110
001111110011110100111111
010000100100001001000100
010000110100000101000100
010000100011111101000001
010000010100000101000100
010001010100010101000111
010001000100010001000111
010011100100101101000010
010111010101111001011000
001110110011101000111010
001111110011111100111111
001111010011110100111111
001111010011101100111101
001111010011101100111010
001111000011101100111011
001111010011110000111101
001111100011110100111110
001110010011011000110111
001111110011110000111100
001111000011100100111001
001111010011110000111100
010000000011110100111011
001011010010010100100000
010010010100011001000101
010011100101000001010001
010101010101011001011001
001111010011100000111010
001111010011101000111010
010000000011111000111101
001111100011110100111101
010000000011111101000100
001111110011110100111111
001111010011110000111110
010000000011111101000011
010000010011111101000010
010000010011111000111111
001111110011111001000000
010000010011111101000011
010001000100001101000110
010100010100110001000010
010010010100010000111100
001110010011001100110000
010001000100010001000100
010000100100000101000001
010000000011110000111100
001111000011100100111000
010000100011111100111110
001111100011110000111011
001111110011110100111100
001111110011110100111110
001111110011111000111110
010000010011111101000001
001110100011010000110000
001101010011000000101110
001100000010011100100000
010011100100110001001011
010011100100111001010001
010100100101001001010100
001110000011011000111000
001111000011101100111110
001111100011101000111100
001111000011100000111010
001111110011110001000001
001111000011101000111100
001111000011101100111101
001111100011111000111111
010000010100000001000100
001111110011111001000011
010000100100000101000011
010000110100001101000101
010010000100100001001011
010001100011111000110010
010001100100001000111010
001110000011001000101111
001101000010111000101011
001101110011001000101110
001110000011000100101110
001101110011000100101110
001110000011000100101110
001101000010111100101011
001100110010111100101011
001101100011000100101110
001101100011000100101111
001101100011000100101110
001110010011010000110001
001100110011000000101101
001011110010011000100001
010011000100101001001010
010011010100111001010001
010101000101010101010111
001110100011100000111001
001110100011100100111011
001111010011101100111110
001110110011100000111011
001111010011101100111110
001111010011110000111110
001111110011111001000001
001111010011110000111110
001111100011110101000000
010000100100000101000100
010001010100010001000111
010001000100001001000101
010001110100100001001011
010010000100000100110100
010000100011101000110000
001100100010100100100011
001100100010101000100110
001100100010101000100110
001100010010101000100100
001100100010101100100110
001100110010101100100111
001100110010110100101010
001100110010111000101001
001101010011000000101110
001101010011000000101110
001100010010110000101000
001100110010110100101001
001101000010111000101011
001011010010001100011100
010011110100111101001110
010100000101000001010010
010100100101001001010101
001110010011011100111001
001111100011101100111101
001111110011111001000010
001111010011101000111101
001111010011100100111100
001111110011110101000000
010000000011111101000010
001111110011110100111111
010000010100000101000100
010001010100010101001000
010001000100010001000110
010001010100010101001000
010000110100010001000111
010010010100001100111001
010000100011110000110011
001101100011000100101100
001111010011100000110110
001111010011101000111000
001111100011101100111010
001111110011110000111001
001111100011101100111000
001111000011100000110110
001110110011100000110110
001110100011011000110101
001110110011011100110110
001110100011010000110001
001101100011000100101110
001101010011000000101100
001011110010011100100001
010011010100110001001011
010100000100111101010010
010100010101000101010011
001110110011100100111100
001111010011101100111101
001110110011100100111100
001111110011101000111101
001111000011100100111011
001111100011110100111111
001111100011111001000001
001111110011110000111110
010000100011111101000011
010000110100001101000110
010001010100011001001000
010000110100001101000100
010001010100010101000111
010100100101001001001010
010011010100110001000111
001111110011111100111111
001111110011110100111101
010001110100011101001000
001110110011100000111001
001111000011101100111011
001111010011110000111011
001111100011110100111101
001111000011101100111010
001111010011101100111010
001111010011101100111011
010000100011111100111110
001110110011011000110011
001110110011010000110010
001011100010011000100000
010010110100100101001010
010110000101100001011011
010100110101001001010011
001111010011101100111110
001101110011011100111001
001110110011101100111100
001110110011100000111010
010000000011101100111101
001111010011100000111011
001111010011101000111100
010000010011111001000010
010000000011111101000010
010000100100000101000100
010000110100001001000101
010000100100000101000001
010001000100001101000101
010101000101010001001011
010011000100110001000111
001111010011110000111101
001111010011101000111010
010000100100001001000100
010000010011111101000001
010000000011111000111111
001110110011100100111010
001111100011111000111110
001110110011101100111010
001111110011111100111110
001111110011111000111101
010000000011111000111110
001111000011011100110011
001110110011011100110011
001011110010011100100001
010011100100101101001100
010110000101011101011001
010100100101001101010101
001110110011101100111110
001110110011101100111101
001110110011101100111101
001111010011100000111011
001111100011101000111100
001111000011100000111011
001111110011101000111101
010000000011111001000001
001111100011111001000000
001111110011111101000010
010000010100000101000100
010000110100010001000110
010001000100010001000111
010101000101001001001101
010011110100110101001001
010001010100010001000100
010000010100000000111111
001111010011100000111010
010000000011110100111110
001110010011011000110110
001110110011100000111001
010001000100001101000011
010000000011111000111110
001111110011111100111110
010000000011111000111101
001111110011111000111100
010000100100000101000010
010000100100000101000011
001100000010100100100100
010010110100100101001001
010101100101011001011001
010100110101001101010110
001110010011100000111010
001110100011101000111011
001111000011110000111110
001110110011011100111001
010000000011101000111100
010000010011111001000001
001110110011100100111011
001111110011110101000010
010000100100001101000111
010001100100011001001000
010000110100010001000110
010000000011111101000010
010000100100001001000110
010101000101001001001100
010011000100101101000110
001111100011110100111100
010000100100000101000001
001111100011011100110110
001111010011100000110111
001110100011100100111001
001111000011101000111010
010001000100010001000101
001110100011101000111001
001111110011111100111110
001111100011101100111010
001111100011110000111011
010000010011111100111111
010000010011111000111110
001100000010100000100101
010010000100011001000101
010110010101100101011011
010101000101001101010110
001111010011110000111101
001111000011101100111100
001111010011110100111101
001111110011101100111110
001111100011101100111101
010000010011110000111100
010000010011110100111110
010000010011111001000000
010000000011111101000001
010000100100000101000100
010001000100001101000111
010000110100001001000110
010001100100011101001010
010101000101001001001010
010011010100110101001000
010000100011111000111111
001111100011101000111010
001110100011100000111001
001111010011100100111011
001111010011101000111010
001110110011101100111011
010001000100001101000100
001111110011111000111111
010000110100001001000010
001110110011101000111010
010000010011111000111101
001111110011111000111110
001111100011101000111001
001011110010100100100100
010010010100011101000110
010110000101100001011011
010101100101011001011000
001111100011110100111110
001111000011101100111100
001110110011101000111011
010000000011111000111111
010000010011110100111111
010000100011110000111100
010000000011101100111011
010000010011111001000001
001111110011110100111110
001111000011101100111101
001111100011110100111101
001111110011110100111110
010000110100001101000110
010101100101010101001110
010100100101000101001101
001111110011110000111100
010001110100011001000101
001110110011011100110101
001111010011110000111101
001111010011101100111100
001111010011101100111110
001111000011101100111100
010000000011111101000000
010000010100001001000011
010000000011111101000000
001111110011111000111110
010000100100000101000011
010000000011101000111010
001100010010100100100100
010010000100010101000010
010110000101100101011011
010101010101011001010111
001111000011101100111011
001111110011111100111111
001111110011111101000001
010000000011111001000001
010000110011111000111111
001111110011100100111010
001111100011101000111011
010000010011111101000001
001111110011111000111111
001111010011110000111110
001111110011111101000011
010000000011111001000010
001111110011110100111111
010101010101001001001011
010011110100110101001001
010011000100110001001110
001111010011101100111011
010000000011101000110111
010000100011111100111111
001111010011110000111101
001111100011110000111110
001111010011110000111100
001111110011110100111101
010000010011111101000001
010000110100001101000011
001111100011110100111110
010000110100001001000010
010000010011101100111010
001100000010101000100100
010010010100010101000011
010110010101100101011010
010101010101010101010111
001111100011111001000001
001111110011110101000000
010000000011111101000001
010000010011111001000001
010000100011111000111111
010000100011110000111101
001111110011101100111100
010000010011111000111111
010000010100000101000011
001111110011111101000011
010000000100000001000100
001111110011111101000010
010000100100000001000100
010101000101010001001101
010011100100110101001010
010001000100001001000011
010001010100001001000011
001111110011111000111101
010000010011111100111110
001111000011101100111100
001111000011101000111011
001111100011111000111101
010000000011111000111111
010000110100010001000010
010001000100001101000010
010000010100000000111111
010000100100000101000011
001110110011100000111000
001100010010101000100110
010010110100011101000100
010101110101011101011000
010101010101011001011001
001110110011101000111100
001110100011100100111001
001111100011110000111100
010000010011101100111010
010000000011101000111011
001111100011100100111100
001111100011101100111100
001111100011110100111101
001111100011111001000000
001111100011111001000010
010000000100000001000100
010000100100001001000110
010000100100000001000011
010101100101011001010000
010100000100111001001001
001111010011110000111011
010000010011111001000001
010000110100000101000001
010000010100000101000000
001111100011110000111101
001111010011101100111101
010000100011111101000010
001111010011110100111100
010000100100001101000001
010000110100001101000011
001111110011111000111110
010000010011111101000010
010000110100000101000001
001100010010101100100111
010001100100001001000000
010100110101010001010111
010101010101010101010111
001110110011101100111100
001110110011101100111100
001111100011111101000001
010000010011101100111001
010000010011101000111000
001111110011101000111101
001111110011101000111011
001111010011101000111101
001111010011110000111101
001111110011111001000010
010000000011111101000011
010000000100000001000100
010000100100001001000110
010110000101011101010010
010101000101001001001111
010001100100010001000110
010001100100010101000101
010001100100010101000110
010000110100001001000011
010000100100000101000010
001111010011110000111101
001111010011110000111101
001111100011110100111100
010001010100010101000100
010000110100001101000010
010001010100010001000111
001111010011110100111100
001111000011100100110111
001100100010101100100111
010010110100011101000101
010110000101100001011010
010100110101010001010101
010000000011111101000001
010000100100000101000011
001111110100000001000010
010000000011100100111000
001111100011100000110110
001111100011100100111010
001111010011100100111011
001110110011101100111101
001110110011101100111101
001111110011111101000010
001111010011110101000001
010000010100000101000100
010000110100001101000110
010101000101001101001101
010011110100111101001011
010000100100000101000011
010001110100010101000101
010000100100000101000001
010000010011111100111111
001111110011111100111110
001111000011110000111100
010000010100000000111110
010000000011111100111101
010000010100000101000001
010001010100010001000101
010000010100000101000100
001111100011110100111110
001100100010111000101011
001100100010101100100111
010010100100011001000100
010101100101011001010111
010101000101010001010100
001111100011111001000000
001111000011110000111110
001110100011100000111010
001110110011011100111001
001111100011100100110110
001111000011011100111000
001111000011011100111001
001111000011110001000000
001111110011111101000011
001111110100000001000011
001111110100000101000100
010000010100000101000100
010000100100000101000101
010101010101010001001110
010100100101000101001101
010001010100010001000101
010001110100011001000110
001111100011110000111100
001111000011100100111010
010000110100001101000011
010000010100000000111111
010000110100001101000010
010010000100011101000110
010000100100000001000001
010000010011111101000000
001111100011111000111111
001111000011100100110111
001101010011000000101101
001100010010100100100100
010010100100011101000100
010110000101100001011001
010100100101001001010011
001111110011111001000000
001110000011100100111011
001111000011100100111010
001111000011100000111010
001111010011100000111000
001111000011100000111010
010000010011101000111011
001111100011110100111111
001111110011111101000001
010000000100000001000101
010000010100001001000110
010000100100001101000101
010000100100001101000111
010101100101000001000101
010011100100100001000001
001111100011100000110101
001110100011010100110010
001110100011011000110011
001110010011001100110001
001100110010110000101001
001101010010111100101101
001100110010110100100111
001100110010101100100111
001100110010110000101001
001110010011010000110011
001110100011100000111000
001101010011000000101110
001101100011000000101101
001100010010011100100001
010011010100101001001000
010110000101100001011011
010011100100111101010010
001111100011111001000000
010000010011111001000010
010000010011111001000001
001111110011101000111011
001111010011101000111001
010000010011111101000010
010000010011111000111110
010000010011111000111111
010000010100000001000011
001111100011111001000001
010000110100001101000110
010001000100010101001000
010001010100010101001000
010101100101000101000111
010011000100011101000000
001101110011001100110000
001100010010101100100111
001100100010101000100100
001100100010101100100101
001100010010100100100011
001100010010100100100011
001100100010100100100011
001100010010101000100101
001100100010110000101000
001100000010101000100101
001100010010101000100110
001100100010101100101000
001100110010110000101001
001100010010010100011111
010011000100100101000111
010110010101100001011011
010011000100110101001111
001111100011110100111111
010000010011111001000001
010000010011111000111111
001111110011110100111101
001111110011110000111100
010000100011111101000001
010000010100000001000010
010000010011111001000001
010000010100000001000011
010000100100001001000101
010001010100010101001000
010001000100010101001000
010001000100010101001000
010010010100010000111001
010001000011111000110110
001100100010101000100100
001100000010100100100100
001100100010100100100100
001100100010101000100011
001100010010101000100100
001100010010101000100100
001100100010101000100100
001100110010100100100011
001100010010101000100101
001100010010101000100101
001100100010110100101001
001100100010101100101000
001100100010101100100111
001100000010010100011111
010011010100101001001001
010110010101100101011100
010010000100100001001010
001111110011110000111100
010000000011110100111101
001111110011110000111100
001111010011100100111010
010000010011110100111110
001111100011101100111100
010000010011110100111111
010000010100000001000011
010000100100000101000100
010000100100000101000100
010000100100001101000110
010000110100001101000111
010000010100001001000110
010010110100011100111100
010010100100100101000101
001110110011011000110100
001101010011000000101110
001100110010110100101001
001100010010101000100100
001100110010110100101010
001101000011000000101101
001101010011000000101100
001101100011000100101111
001110000011001100110000
001101110011001000101101
001101000011000000101101
001101110011001000101110
001100110010110000101001
001100010010100000100011
010010110100100001000110
010101100101011001011000
010001100100011001001000
001111010011101100111101
001111100011100000111001
001111100011110000111101
010000000011101100111100
001111110011101100111101
010000010011111000111110
010000000011110100111111
010000110100001001000100
010001000100001001000101
010000110100001001000101
010000100100001001000110
010000100100001001000110
010000010100000001000100
010010110100010100111001
010100000101000001001100
001110100011100000111001
001111000011011100110111
001110100011011000110101
001110100011011100110110
001101010011000100110000
001100100010110100101011
001110000011001100110001
001110100011010100110011
001110010011011100111000
001110000011011000110111
001110100011011000110110
001110100011011100110111
001110010011010000110100
001101000010111000101100
010010010100011001000110
010100000101000101010100
010010110100101101001110
001111010011110000111111
001111110011110100111101
001111010011101100111011
010000100011111101000000
010000100100000101000011
010001000100000101000100
010001000100001101000101
010000100100001101000101
010000110100010001000111
010000110100001101000101
010001010100010101001000
010001000100010101001000
010000010011111101000011
010001110100000000110100
010100010101000001001100
001110010011010100110101
001110100011011000110110
001110010011011000110111
001110000011010100110101
001101100011001000110010
001101100011001100110100
001110010011011100111000
001110110011100000111001
001110110011100100111001
001110110011011100111001
001110100011011100111000
001110100011011100110111
001110010011011000110100
001100100010110100101010
010011000100101001001001
010100110101010101010111
010011100100111101010001
001111110011111001000001
001111110011110000111101
010000100011111001000001
010000100011110100111111
010000110011111101000000
010001000100001001000101
010001000100000101000100
010001000100010101000110
010001100100011001001001
010001010100010001000110
010001110100011101001001
010001100100011001001001
010000010011111101000010
010001100011111100110010
010100000100111101001001
001110010011011000110100
001110100011011000110101
001110000011011000110111
001101110011010100110100
001110000011010100110101
001110000011010100110101
001111010011110000111110
001110110011100000111000
001110100011011000111000
001110010011011000111000
001110100011011000111001
001110100011100000111000
001101110011001100110000
001100000010011100100000
001111100011101100111001
010101000101010001011000
010011110100111101010010
001111010011110100111111
010000010011111101000010
010000100100000001000010
001111110011110100111110
010000110100000101000011
010000110100000001000010
010001100100010101001000
010001010100010101001000
010001110100011101001001
010001100100011001001001
010001100100011001001010
010000110100010001001000
010000100100001101000100
010001010011110100110001
010100110101001101001110
001110100011011100110111
001110100011011100110110
001110000011011100111000
001110100011100100111010
001110100011100000111001
001111000011011100110111
001111000011101000111100
001110000011010100110110
001110110011100000111000
001110100011100000111000
001111100011110100111101
001111000011100100110110
001110010011010000110001
001100000010011100100000
010000100011110100111100
010100100101001101010110
010010100100100101001110
001111010011100100111001
001111000011100100111001
010001000100000101000000
010010010100011101001001
010010100100100101001100
010010010100101001001100
010010110100101001001101
010001110100011101001010
010001110100011101001011
010010000100100001001011
010001010100010101001000
010001000100010001001000
010000010100000001000011
010001010011111000110001
010100010101000101001101
001110110011100000111000
001111000011101000111001
001110100011100000111010
001111000011101000111100
001110010011100000111001
001111000011100100111010
010000010100000101000011
001110110011101100111100
001111000011100000111010
001110110011011100111000
001111010011101000111101
001110100011011000110011
001110000011010000110001
001100010010100100100011
001110110011011000110010
010011010100110101010000
010000010100000001000011
001101100011001000101111
001110000011001100110001
001110100011010000110010
001110010011010000110001
001110000011001000101111
001110000011000100101111
001110000011000100101111
001110100011010100110011
001111110011101100111011
010001010100001101000011
010000100100000001000001
010000100100000101000010
010000000011111000111111
010010010100001100111000
010101010101010101010001
001111000011101000111000
001111110011101100111011
001111100011110000111100
001111100011110100111111
001111010011101100111100
001111000011110000111101
001111100011101100111110
010000010011110000111101
010000010100000001000010
001110010011011000111000
001110110011100100111010
001110000011010000110010
001110100011010100110010
001101000010111000101010
001100100010011100100000
001111000011100100111000
001100110010101100100111
001011110010100000100100
001100010010101000100101
001100100010101000100110
001100100010101000100110
001100100010101000100101
001100100010100100100100
001100010010100100100011
001100010010100100100011
001100100010100100100100
001100100010101100100111
001100100010101000100110
001100010010101000100110
001100010010100100100110
