010101110101000001000100
010100110100110101000010
010100010100101101000001
010110100101000101000110
010010000100010000111011
001111100011101000110100
010000010011111000110111
001111100011110000110101
001111010011101000110100
001111010011101000110011
001111010011101000110100
001111100011101100110100
001111100011110000110101
001111100011110000110101
001111100011101100110100
001111110011110000110101
001111010011101100110100
001111110011110000110101
001111110011110000110101
001111110011110000110101
001111100011101100110100
001111100011101100110100
001111110011110000110101
001111110011110000110101
001111110011110000110101
001111100011101100110100
001111010011101000110100
010001000100000000111000
010011010100100000111110
010110000101000101000101
010111000101001101000111
011000110101100101001011
010110110101001101000110
010011100100100000111110
010100000100100100111111
010000010011110000110101
001110100011011100110010
010000110011111100111001
010001000011111100111000
010000100011110100110110
010000000011101100110100
010000100011110100110110
010011010100100000111111
010101100101000101001000
011000000101101001010000
011000010101101101010001
010111010101011101001110
001110010011010100110001
001101100011001100101111
001111100011101100110100
010010100100010100111100
001110110011011100110000
001111100011101100110100
001111100011101100110101
010000110011111000111000
001101110011001100101111
010000000011110000110110
010001000011111100111000
010000010011111000110111
001101110011010000101111
001111100011101000110100
010101100100110101000011
010110010100111101000100
010110100101000001000101
011000000101011001001001
010100110100101101000001
010001000011101000110101
001001100010001000100010
001100110010111100101101
001110010011010100110010
001110100011010000110010
001111000011010100110010
010010010100001100111110
010010100100001100111110
010010110100010000111110
010010100100001100111110
010010110100010000111111
010010100100010000111111
010011000100010001000000
001001100010001000100011
001001000010000000100001
001011000010011100100101
010001010011111000111011
010100110100101101000101
010000110011110000111000
010000100011110000111000
010011100100011001000001
010011010100011001000001
001100100010110100101100
010011110100100001000011
001101100011001100110000
001100110011000000101110
001010000010010000100100
001100110010110100101011
010011010100000100111010
010100000100010000111100
010110110101001001000111
010001000011111000110110
001010000010010000100100
001011110010101100101011
010011010100011101000010
010100110100110001000110
010001010011111100111011
010000100011110000111001
010000110011110100111001
010001000011111000111010
010001010011111000111011
010001110100000100111101
010010100100001100111110
010010010100001000111101
010001000011110100111010
001000110010000000100001
001001000010000000100001
001010100010011000100100
010010000100001000111100
010010100100001100111101
010001010011111100111010
010001010011111000111010
010001010011111000111001
010001010011111000111001
010001100011111100111010
010001100011111000111010
010010100100001100111101
001110110011011100110011
001101110011001100110000
001001110010001100100011
001011000010011100100110
010101000100011000111110
010011100100100100111110
001110100011011100110010
001011100010101000101001
010001100011111100111100
010010000100001000111101
010000010011101100111000
001111110011101000110111
001111110011101000110111
010000000011101100111000
010000010011101100111000
010001100011111100111100
010001110100000100111101
010010100100001100111111
010000110011110100111001
001100110010111100101101
001001110010001000100011
001001010010000100100010
001010100010010100100100
010001110100000100111100
010010010100001000111100
010001010011111000111001
010000110011110100111000
010000100011110000110111
010000010011101000110110
010000110011110100111000
010010000100000100111100
001111100011100000110100
001100010010110000101010
010000010011101100111000
001101100011001000110001
001001100010001000100010
001100110010111000101011
001111110011110000110101
001111110011110100110111
001010110010011100100110
010101000100101101000110
010000100011110000111001
001111110011101000110111
001111110011101000110111
001111110011101000110111
010000000011101100111000
010000010011110000111001
010001000011111000111010
010001010011111100111011
010010100100001100111111
010000010011110000111000
001100000010101100101011
001010000010010000100100
001001010010000100100001
001010000010010000100011
010000100011101100110111
010010100100001000111101
010001010011111000111010
010001010011111000111001
010000110011110000111000
010000100011101100110111
010000110011110100111000
010001000011110100111001
010001110100000100111100
010011010100011001000000
010010100100001100111101
001101110011001100110001
001101000011000000101111
001011010010100000100111
001111010011101000110100
001111100011101100110101
001110010011010100110011
010100000100100001000011
001111110011101000110111
010000100011110000111000
001111110011101000110111
001111110011101100110111
001111110011101100111000
010000000011101100111000
010000100011110000111001
010001000011111000111011
010001010011111000111011
010001110100000100111101
001011000010011100100111
001001110010001100100011
001001000010000000100001
001010010010010000100100
010000000011101000110111
010011100100011001000000
010010000100000100111100
010001000011110100111000
010000110011110100111000
010000110011110000111000
010000110011110100111000
010001010011111000111001
010010000100001000111100
010001110100000100111100
010010100100010000111110
010000010011101000110110
001100100010111000101100
001001100010001000100010
001111010011101000110100
001111100011101100110101
001101100011001100110001
010100000100100001000011
010001000011111000111010
010001000011110100111010
010000010011110000111000
010000000011101100111000
001111110011101000110111
010000000011101100111000
010000100011110000111000
010001000011111000111011
010000100011110000111001
010011000100011001000010
001011000010100000100111
001001110010001100100100
001001000010000000100001
001010110010011100100101
010000000011101000110111
010011110100011101000001
010010010100001000111101
010001110011111100111011
010000110011110000111000
010000110011110100111000
010000110011110000111000
010001000011110100111001
010001100011111100111010
010001000011111000111001
010010110100010000111110
010000100011101100110111
001100100010110100101100
001010000010001100100011
001111010011101000110100
001111100011101100110101
001101110011001100110001
010010100100010000111111
010010000100000100111101
010001010011111000111011
010000100011110000111000
010000010011101100111000
001111110011101100110111
001111110011101000110111
010000000011101100110111
010000010011101100111000
010000000011101100110111
010101010100111101001001
001111110011101000110111
001001110010001100100011
001001000010000000100001
001011010010100000100110
001110000011001100110000
010011100100011001000001
010010100100001000111101
010010010100001000111101
010001100011111000111010
010000110011110000111000
010000110011110100111000
010000110011110100111000
010000110011110000111000
010001000011110100111001
010001110100000000111011
010001010011110100111001
001100010010110000101010
001010000010001100100011
001111010011101000110100
001111010011101100110101
001110000011010000110010
010010100100001100111110
010001110100000000111100
010001000011111000111010
010000100011110000111001
010000010011101100111000
001111110011101000110111
010000000011101100111000
010000000011101100111000
010000010011101100111000
010000010011101100111000
010010010100010000111111
010000110011111000111010
001001100010000100100010
001001000010000000100001
001011110010101000101000
001110110011011000110010
010011110100011101000001
010001110011111100111011
010010010100000100111100
010001110011111100111011
010001000011110100111001
010000110011110000111000
010000110011110100111000
010000110011110100111000
010000110011110000111000
010010000100000100111011
010001110100000000111011
001100000010101100101010
001010000010010000100011
001111010011101000110100
001111010011101000110100
001111110011100100110111
010100010100101001000101
010001100011111100111100
010001000011111000111010
010001110100000100111101
010001000011110100111010
010000010011110000111000
010000100011110100111001
010000010011110000111000
010000100011110100111001
010000100011110100111001
010001000011111000111010
001011100010100100101000
001000110010000000100001
001001100010000100100010
001100010010110000101010
001011110010101000101001
010100100100101001000100
010001110100000000111011
010001110100000000111011
010001110100000000111011
010001110100000000111100
010001100011111100111010
010001010011111000111010
010001010011111000111001
010001010011111000111010
010011000100010100111111
010010110100010000111110
001101010011000000101110
001001110010001000100011
001111010011101100110100
001110110011100100110100
010000100011110000111001
010100010100100101000101
010001100011111100111011
010001010011111100111011
010010010100001000111110
010001100100000000111100
010001100011111100111100
010001010011111100111011
010001000011111000111010
010001110100000100111100
010000110011110100111001
001010110010011000100110
001001100010001000100011
001110010011001000101110
001001110010001100100011
001001110010001100100010
001011000010011100100110
010010000100000000111100
010011000100010000111110
010001110011111100111011
010001110100000000111011
010001110100000000111011
010001110100000000111011
010001110011111100111011
010001100011111100111010
010010000100000100111100
010011100100011001000001
010010110100010000111110
001101010010111100101110
001010000010001100100100
001111010011101000110100
001111010011101000110100
010100000100100101000100
010100110100101101000110
010010000100001000111101
010001110100000100111100
010010000100001000111101
010010000100001000111101
010001110100000000111011
010001000011111000111010
010111010101011001010000
010001100100000100111101
001010010010010100100100
001001000010000100100001
001011110010101000101000
010101100100100100111110
010000100011100100110011
001010100010011000100101
001010000010001100100011
001010010010010100100100
010001010011111000111010
010101000100110001000101
010010000100000100111100
010010010100000100111100
010010100100001100111101
010010100100001100111101
010010110100001100111101
010010110100001100111101
010100000100100001000010
010010100100001100111101
001111010011011100110101
001010100010010100100101
001111010011101000110100
010011100100101001000010
010001100011111100111100
010101000100110101001000
010011000100010101000001
010010110100010000111111
010010000100001000111101
010010010100001000111101
010001010011111100111010
010000000011101000110110
001100100010110100101011
001010100010011000100101
001001000010000100100001
010000000011011100110010
010010110011111100111000
010011000100000100111001
010011010100001000111001
001111110011011000110001
001101000010110100101010
001001100010001000100010
001011000010011100100110
001010010010010100100100
010001000011110100111010
001100110010111100101100
001101110011001100110000
001111000011011000110011
010000110011110000111000
010001100011111100111010
010100100100100101000011
001111100011100100110101
001111100011100000110100
001011110010101000101001
001111010011101000110100
010100100100110101000101
001110100011010000110011
001010110010011100100110
001100000010110000101001
001011100010101000101000
001011010010100100100111
001011100010101000100111
001011100010101000101000
001011100010101000101000
001100110010111000101100
001001100010001100100011
001011100010100000100111
010010010011111000110111
010010100011111100110111
010001100011110000110110
010010110100000000111000
010000010011100000110010
001111000011010000101111
001011010010100000100110
001001100010001000100010
001010000010010000100100
001011000010011100100111
001010110010011000100110
001011000010100000100111
001011010010100000101000
001011110010101100101001
001011110010101100101001
001100110010111000101100
010010010100001100111110
010000010011101100110110
001011010010100100101000
001111010011101000110100
001101100011001100101111
001001000010000100100001
001001000010000000100001
001001010010000100100001
001001100010001000100010
001001100010001000100010
001001100010001000100010
001001100010000100100010
001001010010000100100010
001001000010000000100001
001111000011010000101111
010010110100000000111000
010000010011100000110011
010000010011100100110011
010001010011110000110101
010001100011110000110110
010001110011110000110110
010001100011110000110101
010001010011101100110100
001010100010010100100100
001001010010000100100010
001001010010000100100001
001001010010000100100001
001001010010000100100001
001001010010000100100001
001001010010000100100001
001001010010000100100001
001001010010000100100001
001001000010000000100001
001010010010010100100101
001001100010001000100010
001111100011110000110101
001110110011100000110010
001011000010011100100111
001011000010100000100111
001010110010011100100111
001010110010011100100110
001010100010010100100101
001001110010001100100011
001001110010001000100011
001001110010001100100011
001001000010000000100001
001100100010101100101001
010100000100001100111010
010000010011100100110011
010000100011100100110011
010001010011101100110101
010001100011110000110101
010000010011100000110011
010001000011101000110101
010000010011011100110001
001001100010001000100010
001010010010010100100101
001010110010011000100101
001011100010100100101000
001011100010100100101000
001110000011001100110001
001011110010101000101001
001011110010101100101001
001011100010101000101000
001010100010011000100101
001001110010001000100010
001001000010000000100001
001111100011101100110101
010100000100101001000001
010010110100001100111110
001111100011011100110100
001110000011001000110000
001110000011001000110000
001101110011001000101111
001101110011000100101111
001110010011001100110001
010010110100010000111111
001111010011100000110101
001010110010011100100101
001011100010100100100111
010010110011111100111000
010001010011101100110101
001111110011100000110010
010000000011011100110010
010010110011111100111000
010000000011100000110010
001001100010001000100010
001010010010010000100100
001101000010111100101101
001011010010100000100101
001011010010011100100100
001100110010110100101010
001101100011000100101111
001010100010010100100100
001011000010100000100110
001011010010100000100101
001101100011001000110000
001100110010111100101110
001001000010000000100001
001111010011101100110101
010100000100101101000011
010100100100101001000100
011001100101111001010110
010101010100110101000111
010100110100101101000101
010011010100010101000000
010011000100010101000000
010100100100101001000100
010101010100110101000111
010101000100110101000111
001101000010111100101101
001001010010000100100010
001111100011011000110000
010010110100000000111001
001111110011011100110010
010001100011110000110110
010001110011110000110101
001100010010101100101001
001001100010001000100011
001010010010010000100100
010011110100011101000001
010011000100001100111101
010010100100001000111100
010010100100001000111101
001110110011011000110011
010001000011110000110111
010000100011101100110111
010010100100001100111101
001101010011000100101111
001011110010101100101010
001001000010000000100001
001111100011101100110101
010101000100111001000101
010111110101011001001111
010100010100100101000011
010011110100011101000010
010011010100011001000000
010010100100001100111110
010010100100001000111101
010001110100000100111100
010010000100000100111100
010011110100011101000010
010100000100100001000011
001111010011011100110100
001001100010001000100010
001011110010101000100111
010011000100000100111000
010001000011101000110100
001001110010001000100011
001010100010011000100110
001010000010010000100011
010100010100100101000011
010010110100001100111101
010001010011111000111001
010001000011110100111000
010001100011111100111010
010010010100000100111100
010010000100000100111011
010001110100000000111011
010100100100100101000010
001110100011010100110010
001001110010001100100011
001001000010000000100001
001111100011101100110101
010011110100101001000001
010101100100110101000111
010011110100011101000001
010010110100010000111110
010010010100001000111101
010001100011111100111011
010001010011111000111010
010001010011111000111010
010001010011111000111010
010001100011111100111011
010011000100010101000000
010011100100011101000011
010010100100001000111101
001100010010110100101011
001101000010110100101011
001001010010000100100010
001011000010011100100110
001010100010010100100100
010100000100100001000010
010010010100000100111100
010001100011111100111010
010000110011110100111001
010001000011110100111001
010001110100000000111011
010001010011111000111001
010000100011110000111000
010000110011110000111000
010010100100001000111100
001011100010100100100111
001010000010010000100100
001001000010000000100001
001111100011101100110101
010011010100100000111111
010101010100110101000111
010010110100010000111111
010010000100000100111100
010010000100000100111100
010001010011111000111010
010001010011111000111010
010001000011110100111001
010001010011111000111010
010001010011111000111010
010001110011111100111011
010101110100111101001001
010010000100000100111101
010011000100010001000000
001001110010001100100011
001001010010001000100010
001101000010111100101101
010010010100000100111011
010011000100010000111110
010010010100001000111100
010001100011111100111010
010000100011110000111000
010000110011110100111000
010000110011110100111000
010000100011110000111000
010000100011110000111000
010000100011110000111000
010010110100001100111101
001100000010101100101001
001010000010001100100011
001001000010000000100001
001111100011101100110101
010001110100001000111010
010100010100100101000100
010010100100001100111110
010010000100000100111100
010001110100000100111100
010001010011111000111010
010001000011111000111001
010001000011110100111001
010001000011110100111001
010001010011111000111010
010001010011111000111010
010010110100001100111111
010011100100011101000010
001111010011100000110101
001001110010001100100011
001001100010001100100011
001100000010101100101001
010010110100001100111101
010010000100000100111011
010010010100001000111100
010001010011111100111010
010001100011111100111010
010000110011110000111000
010001010011111000111001
010000110011110100111000
010000110011110100111000
010001010011111000111001
010010100100001000111100
001011110010101100101001
001010000010001100100011
001001000010000000100001
001111100011101100110101
010000100011110100110110
010100010100100101000100
010010000100000100111100
010010000100000100111100
010010000100000100111100
010001100011111100111011
010001100011111100111011
010001010011111000111010
010001010011111000111010
010001010011111000111010
010001010011111000111010
010100100100100101000101
010101110100111101001001
001101010011000000101110
001001110010001000100010
001001010010001000100010
001100000010101100101001
010010010100000100111100
010010010100001000111100
010010100100001100111101
010010000100000100111100
010001100011111100111010
010001110100000000111011
010001100011111100111010
010001010011111000111001
010001010011111000111001
010001100011111100111010
010010000100000100111011
001101010011000000101101
001010000010010000100011
001001000010000000100001
001111100011101100110101
010000000011101100110100
010100010100100101000011
010001100011111100111011
010001110100000100111100
010001110100000100111100
010001110100000000111011
010001110100000000111011
010001010011111100111010
010001010011111000111010
010001010011111000111010
010001110100000000111011
010011100100011001000001
010011010100011001000001
001101000011000000101110
001001010010001000100010
001001000010000100100001
001100000010101100101001
010001000011110000110111
010010110100010000111110
010011000100010100111111
010010100100001000111101
010010010100001000111100
010010010100001000111100
010001100011111100111010
010001000011111000111001
010001100011111100111010
010010010100001000111100
010011010100010100111111
001111100011100000110101
001010000010010000100100
001001000010000000100001
001111110011110000110101
010001110100001000111010
010010110100001100111110
010010000100001000111101
010001110100000000111100
010001110100000000111100
010001110100000000111011
010001110100000000111100
010001100011111100111011
010001010011111000111010
010001100011111100111011
010001110100000000111011
010011010100010101000000
010010110100010000111111
001101010011000000101111
001001110010001000100010
001001000010000000100001
001100100010110100101011
010000110011101100110111
010100000100011101000001
010010100100001100111101
010010100100001100111101
010010010100001000111100
010010000100000100111100
010001100011111100111010
010001110011111100111010
010010010100001000111100
010010100100001000111100
010100110100101001000100
001110000011001100110000
001011100010101000101001
001001000010000000100001
010001000100000000111000
010001100100001000111010
001110110011010100110001
010010010100001000111110
010010000100000100111101
010001110100000100111100
010001110100000000111100
010010000100000100111100
010001110100000000111100
010010000100000100111100
010001110011111100111011
010001110100000100111100
010010100100001100111110
010010010100001000111101
001101010011000000101110
001001110010001100100011
001001010010000100100010
001101000011000000101110
001101100011000100101111
001110110011011000110011
010100010100100001000010
010011010100010100111111
010010110100010000111110
010010100100001100111101
010010010100001000111100
010010000100000100111100
010010110100001100111101
010011100100010100111111
010101010100101101000101
001011010010100000101000
001010000010010000100100
001011000010100000100110
010011000100011100111110
001110000011010100110000
001011000010011100100110
010001010011111000111010
010010110100010000111111
010010110100010000111111
010001110100000100111100
010010000100000100111101
010010010100001000111101
010010110100010000111111
010010000100000100111100
010010000100000100111100
010010010100001000111101
010010100100001100111110
001101010011000000101110
001001100010001000100010
001000110010000000100001
001011000010100100101000
001111000011011100110100
001110100011010000110010
010100100100100101000011
010100010100100101000010
010011000100010100111110
010010110100001100111101
010010010100001000111100
010010100100001100111101
010010010100001000111100
010011010100010100111111
010001100011111100111011
001010010010010100100101
001010110010011100100111
001101010010111100101100
011000010101011001001001
001111010011100100110011
001011010010100000100111
001011000010011100100101
010011000100010100111111
010011110100011101000010
010011110100011101000010
010011110100011101000010
010011100100011001000001
010011000100010101000000
010011010100010101000001
010011010100011001000001
010100010100100101000100
010011000100010000111111
001100010010110100101011
001001100010001000100010
001001010010000100100010
001011100010100100101000
010111010101010001001110
010001010011111000111010
010011110100011101000001
010011100100011000111111
010010110100010000111101
010011010100010000111110
010011110100011101000001
010100100100100101000011
010100000100100001000010
010000010011101000110110
001010000010010000100100
001010010010010100100101
001101000010111100101100
010011100100001000111011
010111010101010001001000
010110000100111001000100
010000000011011100110010
001011010010100000100111
001010110010011000100101
001100110010110100101011
010010110100010000111111
010001110100000100111101
010011010100010101000001
010011010100011001000001
010011110100100001000010
010100000100100001000011
010100100100101001000100
010001110100000000111011
001010100010010100100100
001001010010000100100001
001001000010000000100001
001111000011011100110100
001101110011000100101101
001101100011000100101110
001100110010110100101011
001100110010110100101011
001101000010111100101100
001100100010110000101010
001011010010100000100111
001011110010100100100111
001011110010101100101010
001010110010011100100111
001001110010001100100011
001111110011011100110010
010001100011110000110111
010010000011110100110111
010111100101010101001001
010110010101000001000101
010011000100000000111001
001011010010011100100110
001001010010000100100001
001010100010010100100100
001100100010111000101100
001100100010111100101101
001101000011000000101110
001101110011001100110001
001111010011100000110101
001111000011100000110101
001111010011100100110101
001110010011010100110010
001011010010100000100111
001001010010000100100001
001001000010000000100001
001101110011001000101111
001011100010100000100110
001101010011000000101110
001011100010100100100111
001011010010100100100111
001011100010100100100111
001011010010100000100111
001010110010011000100101
001010110010011000100101
001011110010101100101011
001011100010101000101010
001100110010110100101011
010001000011101100110101
001111110011100000110011
010001010011101100110101
011001000101100101001011
010110000100111101000100
010010110100000000111001
001110110011010000101111
001010010010010100100100
001001000010000100100010
001001100010001000100010
001001100010001000100011
001001110010001100100010
001001110010001100100010
001001110010001000100010
001001110010001100100011
001010000010010000100100
001010110010011100100110
001011010010100100101000
001001000010000000100001
001001000010000100100001
001001110010001100100011
001001110010001000100010
001001110010001100100011
001001100010001000100011
001001100010001000100010
001001100010001000100010
001001100010001000100010
001001110010001100100011
001010010010010100100101
001001100010001000100010
001110000011000100101110
010000100011100100110011
010001000011101100110101
010000010011100000110011
010001010011101100110110
