011011100110011101010010
011011000110010101010001
011101000111000001011100
011101010111001001011101
011010010110010001010011
011101100111001001011110
011101000111000001011100
011110000111010101100011
011010000110000101010001
011101100111001001011111
011101110111001001011110
011101110111001101011110
011001110110001001010001
011101010111000001011100
011101110111001101100000
011000110101110001001011
010100100100110000111111
011110000111010101100010
011110000111010001100010
011110010111011001100011
011110000111010101100011
011101000110111101011011
011001010101101001000011
011100110110011001000000
011100110110111001011001
011101100111001001011110
011101110111001101100000
011101000110111101011010
011011010110010101010010
011011010110010101010001
010111010101010101001000
011100110110111001011100
011011010110011001010010
011010000101111101001101
011100100110110001011001
011101100111001101011111
011011010110100001010101
011101000110111101011011
011011110110101001010110
011101110111001101100001
011001000101111001001101
011110000111010001100001
011101000110111001011011
011101010111000101011101
010111100101011101001001
011101100111001001011111
011101100111001001011111
011001110110000001001101
010011100100011100111011
011101100111001001011111
011100100110110001011001
011101100111001101100001
011101110111001101100011
011101100111001001011111
011000100101011000111110
011100000110000100111100
011100110110111001011010
011101100111001001011111
011101110111001001100001
011100110110111001011010
011010100110001001001111
011010000110000001001101
010110000100111101000101
011101100111001001100001
011100000110100101010101
011001100101111001001011
011011110110100101010111
011101000111000001011110
011001100101111101001110
011100110110110101011011
011011010110011001010101
011100100110110101011010
010111010101010001000110
011101100111000101100001
011100010110101101011000
011100110110110101011010
010110010101000001000011
011100100110110001011011
011101010111000001011111
011001010101110101001101
010010010011111000110110
011100010110101101011001
011011110110100001010110
011100010110101101011001
011101100111001001100011
011101100111000101100001
010110010100101000110100
011011010101101000110000
011011100110011001010100
011101100111000101100010
011001100101110101001100
011100010110101001011000
011100100110110001011010
010111010101000101000100
010011000100001000111011
011101010111000001100000
011100110110110101011000
011010000110000001001101
011011000110001101010001
011101000111000001011110
010111110101011101001001
011100100110110101011010
011010100110001001010001
011100010110101101011011
010111010101010001000110
011100100110110001011100
011101000110111001011011
011011110110100001010101
010101100100111001000001
011101000110111001011101
011101010111000001100000
011001100101111101001111
010100010100100000111100
011100110110111001011100
011100010110101001011000
011101100111000101100001
011100100110101101011011
011101010110111101100000
011000000101010101000111
010110100100100100110010
011011100110011001010011
011100000110100101010111
010110110100111001000011
011001000101100101001110
011101110111001101100100
010110100101000001000100
010010100100000000111011
011110010111011001101000
011100010110101101010101
011010100110001001001110
011010110110001001001111
011101000110111101011101
011010000110000001001110
011101000110111101011110
011010110110010101010011
011011000110011001010111
010111000101010001000101
011101100111000101100001
011100110110110101011011
011100110110110001011001
010111010101011001001000
011101010111000001011111
011101100111000101100010
010011110100010100111010
010100100100100100111110
011100010110101001010111
011100100110110001011010
011010100110001001010000
011001010101101001001000
011100000110100101010111
011010100110001001010010
010100010100011000111100
011011010110011001010100
011101100111000101100010
011011110110011101011000
011101010111000001100011
011101110111001001100011
011000000101010101000110
010011100100001100111100
011101110111001101100100
011100010110101001010101
011010100110001001001111
011100000110100101010111
011100010110110001011001
011010110110001101010001
011101000110111101011101
011011010110011001010101
011011000110011001010111
010111010101010001000101
011101110111001101100011
011101000110111101011100
011011100110011101010100
010110010101001001000101
011101010111000001011110
011011110110011101011000
010011000100001000110111
010101000100100100111101
011100000110100101010110
011100110110110101011011
010111000100111100111100
011000000101010101000010
011011010110010001010001
011011000110010001010101
010100010100011000111100
011011010110010101010011
011101100111000001100000
011101100111001001100011
011101010111000001100011
011101100111000101100001
010100110100011100111100
010101100100011100110100
011101100111001001100011
011001110110000001001110
011010010110000101001110
011100010110101001010111
011010010110001001010011
011011010110011001010100
011100100110110101011011
011011110110100101010111
011100100110110101011011
010010110100001100110111
011001000101101101001011
011001010101110001001100
011101000110111001011011
010110110101010001000101
011101000110111001011110
010110110101000001000010
011001010101001100110001
011001100101110101001100
011011010110011001010100
011101100111000101100000
010101100100011100110100
011011110110100001010110
011010100110001001010001
011010110110001101010011
010100100100011100111101
011100100110110001011001
011100000110100101011000
011101100111000101100001
011101010111000001011111
011101010110111101011101
010110000100101000111000
010111010100111000111000
011101010111000001100000
011001010101111001001101
011001110101111001001100
011100010110101101011001
011100000110101101011010
011010100110001001010001
011100000110101001011000
011011010110011001010100
011100100110110001011010
010011110100011100111010
011100000110101001011001
011011100110100001010111
011101000110111101011100
011000000101100101001001
011010110110001001010001
010100100100011100111011
010011000100000100110111
011010000110000001010000
011011100110011101010101
011100110110111101011111
010101110100100000110101
011101000110111101011101
011101010111000101100001
011011000110010001010100
010100110100100000111110
011100100110110101011010
011011010110011001010011
011101010111000101100001
011101000110111101011101
011011010110011001010100
011000110101001000110100
011000110101001100110111
011101000110111101011111
011011110110100101010100
011011000110010001001111
011011000110001101010010
011101110111001101100010
010111110101011001001000
010111000101001101000100
011000100101101001001011
011000010101100001001000
011001110101010100110000
010011110100010100111000
011100110110111001100000
011100110110110101011100
011000010101101001001010
011010100110000101010001
010011010100001100111001
010011010100001100111010
011000010101101001001100
011100010110101001011000
011101010111000001011111
010111010101001001000011
011101000110111101011110
011101000111000001011111
011011110110100101011000
010100100100011100111101
011101000110111101011111
011100010110101001011000
011010110110001101001111
011011000110010001010000
011000000101011101001010
011011000101100100110011
011001010101001100110001
011011010110011001010101
011100000110101001010100
011011000110010001001111
011010000101111101001110
011101110111001101100011
011001000101110001001100
011100100110110101011100
011100100110110101011100
011010000101111101001100
011011010101100100101111
011010000101010000101110
011011100110011101010111
011101100111000101100001
011001100101111001001101
011010100110001001010100
010110110101000101000011
010011100100010000111010
010111110101011101001010
011100110110110101011100
011100100110110101011010
010111000101000101000010
011101000110111101011110
011101010111000101100000
011010110110010001010100
010100110100100000111101
011101000110111001011110
011011110110100001010110
011100000110101001011001
011011100110011101010011
011001000101101101001100
011010000101010100110010
011001110101010100110001
011101110111001101100100
011100000110100101010011
011100000110100101010100
011000110101101001001001
011101100111001101100100
011011010110011101010111
011101010111000101100001
011100000110101001011001
011010000101111101001100
010111100100111000110100
010111110101010101000101
011010100110001101010010
011100110110110101011100
011100010110101001010111
011101000110111101011110
011010010110000001001111
010100010100100000111100
010100110100101100111110
011101000110111001011100
011100100110110001011011
011000000101010001000100
011101000110111101011110
011101010111000001011111
011001100101110101001111
010011110100010100111011
011101010110111101100001
011011010110010101010011
011011110110100001010111
011100000110100101010111
011100100110110001011100
010110000100101000111001
010100100100011000110110
011101110111001101100101
011100010110101101010101
011100000110100101010100
011001000101101001001000
011101100111001001100011
011010110110001101010011
011101100111001001100010
011011110110100001010111
011001110101111001001100
010111000101000101000010
011010100110001101010011
011011110110100001010110
011101000110111101011110
011100000110100101010111
011101100111000101100001
011100110110110101011101
010101000100100100111101
010011100100011000111001
011100110110111001011100
011100100110110101011101
011001010101101101001000
011101000110111001011101
011100100110110001011010
011001000101101101001100
010100000100010100111011
011101010110111101100000
011011000110010001010010
011011010110010001010011
011100010110101001010111
011100100110110001011100
010111000101000001000010
010010110100000000111001
011101010110111101011111
011010100101111101000110
011100100110110001010111
011000110101101001001001
011101100111001001100010
011010010110000101001111
011101110111010001100101
011011100110011101010100
011010000101111101001100
011001010101101101001010
011101000110111001011111
011011000110010101010101
011101000110111001011100
011100000110101001011000
011100100110110001011011
011101110111010001100101
010110010100111000111110
011010100101011000110000
011000000101010101000100
011100000110101001011000
011001100101101101001001
011101000110111101011101
011011000110010101010100
011011100110100001011000
010011110100010000111011
011101000110111001011110
011001010101110101001111
011011110110100001010101
011011100110011101010100
011100100110110001011011
010111100101001101000100
010011000100001000111010
011100010110101101011010
011010010101111001000101
011100100110110001010111
011000110101101101001010
010011110011111100101011
011011000110010001010001
011101100111001101100011
011011000110010101010010
011010000101111101001100
011000110101100101001000
011101010111000001100001
011011010110011001010101
011101110111001101100011
011100010110101101011010
011101000110111101011110
011101100111001001100011
010101010100101000111100
011010110101100000110010
010111100101010001000100
011100100110110001011010
011010000101111101001101
011011110110100101011000
011011110110100101011000
011101000110111101011110
010010100100000000111010
011010000101111101001011
011001000101101001000110
011011000110001101010000
011011100110011101010101
011010010101111101001101
010111010101000101000011
010011110100010000111010
011101010111000001011111
011100100110110001011000
011100100110101101010111
011001010101110001001010
010101100100101000111101
011010110110001001010000
011101010111000101100001
011011000110010101010001
011001110101111101001100
010110110101000101000011
011101010111000101100010
011100000110101001011010
011011110110100001010100
011101010111000001100001
011101010111000101100001
011101100111000101100010
010101100100101100111101
011010100101011100110001
011000110101100101001000
011100100110101101011000
011010000101111101001101
011011100110011101010110
011100000110101001011010
011101010111000001011111
010011010100001100111011
011010100110000101001100
011001000101101001000110
011001000101110001001011
011000010101011101000111
011001110101111101001110
010111000101000001000011
010011110100010000111010
011101010111000001011111
011101100111001001011110
011011010110011001010010
011100000110100001010101
010101100100101000111110
011011010110010101010010
011100010110110001011011
011010100110001001001110
011010010110000101001101
001100100010101100100101
010101010100101000111101
010101010100101000111100
010110000100110100111110
010101100100101100111101
010110000100110100111111
010110000100110100111110
010010000011110100110100
010101010100011100110110
010100010100001100110100
011011010110011001010011
011010000101111001001100
011011000110010101010101
011100010110101101011010
011101000111000001011111
010100010100011000111100
011011010110010101010000
011000010101011101000111
011100010110101101011000
011100010110101001010111
011000000101011001000110
010111010101001001000011
010011000100001000111010
011100100110110001011100
011101110111001001011110
011011000110010001010001
011100000110100101010101
011010000101111101001100
011011010110010101010001
011011000110010001010011
011010010110000101001101
011010000101111101001100
010001100011110000110100
011001000101101001001000
011000100101100001000111
011010100110001001010000
010110110101000001000000
011001000101101001001001
011000100101100001000111
010100100100011100111011
010101110100110000111111
010100100100010100110110
011011010110011001010011
011010100110000101001110
011011100110100001011000
011100000110101001011001
011100110110111001011101
010011110100010100111011
011011110110100001010100
010110110101000101000011
011100110110110101011011
011100010110101101011000
010110000100110100111111
010111000101000001000011
010011000100001000111010
011011110110100101011001
011101110111001101011111
011010000110000001001101
011011110110011001010010
011010010101111101001100
011011010110011001010011
011011010110010101010011
011001110101111001001011
011010000101111101001100
010100000100011100111010
011100110110110101011100
010100010100011100111000
011101100111001001100010
011100110110111001011110
011000010101101001001100
011010010110001101010101
010101110100110000111111
010101100100110000111111
011100000110101001010111
011100010110101001011001
011001110101111001001100
011100100110110001011100
011011110110100001010110
011100000110101001011000
010011110100010000111011
011100000110100101010110
011001010101110001001100
011100110110110101011010
011100110110110101011010
010111010101001001000100
011000010101011101001000
010011010100001000111011
011101010111000001011111
011101100111001001011110
011001100101111001001011
011011010110010101010001
011010000101111001001100
011011110110011101010011
011011010110011001010011
011010000110000001001100
011010010110000101001101
010101000100101000111101
011011110110100101011000
011011010110011001010100
011101010111000101100001
011100010110110001011101
011001000101110101001110
011010100110010001010110
010101110100110100111111
010101000100100100111110
011100010110101101011000
011100100110110001011010
011010000101111001001101
011011000110010101010100
011011000110010001010010
011011010110011001010100
010011100100001100111011
011100010110101101011000
011001110101111001001110
011100100110110001011010
011101000110111101011101
010111110101010101000111
010110100100111101000001
010011110100010100111101
011101010111000001011111
011101100111000101011100
011001010101110001001011
011001110101110101001011
011010010101111101001110
011011110110011101010100
011011010110010101010001
011001110101111001001100
011001100101110001001010
010101100100110000111111
011011000110010101010001
011011110110100101010111
011101000110111101011101
011100100110110001011010
011001010101110101001101
011100100110110001011011
010101110100110000111110
010100110100100000111101
011100100110110001011010
011100110110110101011100
011010000101111001001100
011011100110011101010110
011000100101011101000111
011011110110100101010111
010001010011101100110100
010100000100010100111100
010100100100011000111101
010110100100111001000001
010110110100111101000001
010101000100100000111110
010011110100010000111100
010010010011111100110110
011101100111000101100001
011101100111001001011110
011000010101100001000111
010110010100110100111111
011010110110001101010001
011011110110100001010101
011010110110001001001111
011001100101110101001011
011010000110000001001100
010100100100100000111100
011101010110111101100000
011100000110101101010111
011101000110111101011101
011100000110101001010110
011010110110001101010010
011101110111001101100100
010101010100101100111101
010101000100100100111110
011100110110110001011011
011101000110111101011101
011011000110001101010000
011101000110111101011101
011000110101100001000111
011011110110100001010110
010100000100010000111101
011100100110101101011000
011011010110010101010010
011101000110111001011110
011010010101111001001101
011010110110001101010010
011001010101110101001110
010011110100010000111010
011101010111000001011111
011101100111001001011110
010111010101010001000101
011000010101011101001000
011011000110010001010001
011100100110101101011010
011010110110001101001111
011010000110000001001100
011010100110001001001110
010100000100010100111011
011100110110111001011111
011100000110100101010101
011101000111000001011101
011011100110011101010100
011010010110000101010000
011110000111010101100110
010100100100100000111011
010100110100100100111110
011100100110110001011001
011100100110110001011011
011011000110010001010001
011100110110111001011100
011010110110001101010000
011011110110100001010110
010100010100010100111110
011011100110011101010011
011011010110010101010001
011101010111000001100000
011010000101111001001101
011101000111000001011111
011001000101110001001101
010100100100100000111101
011101010111000001011111
011110000111010001100010
011000010101100001001000
011100100110110101011011
011010100110000101001110
011100000110101001011001
011011100110011101010100
011010000110000001001100
011010110110001101001111
010100000100011100111101
011100010110101101011100
011001100101111101001100
011100010110101001010110
011011010110011001010001
011010110110010001010001
011101100111001001100001
010011010100010000111000
010100110100100100111110
011100110110110101011011
011100100110110001011011
011010000101111001001100
011101000110111001011101
011011010110010101010010
011010110110001101010001
010100000100010100111110
011010010110000001001101
011100100110110001011010
011010100110000101010000
011011000110001101010010
011100000110100101010101
011000100101101001001100
010101000100100100111111
011101010111000001100000
011010010110001101010001
011010010110000101001111
011100100110110001011010
011010010110000001001101
011011100110011101010101
011011110110100001010100
011010100110001001001110
011010000101111101001100
010100010100011100111101
011100110110111001011111
011010110110010001010010
011011000110011001010010
011100010110101101010110
011011000110010101010011
011100010110101101011010
010011110100010100111010
010101000100101000111110
011100100110110001011001
011100000110101001011000
011010010101111101001101
011101000110111001011100
011011110110100001010110
011010010110000001001111
010100000100010000111101
011010110110001101001111
011100110110110001011010
011001000101101101001100
011011110110100001010100
011100010110101101010111
011000110101101101001100
010101000100101000111111
011101000110111101011110
011010110110000001000101
011001110101111001001101
011100110110110101011011
011011010110010101010011
011100000110100101010110
011010000101111001001011
011011000110010101010001
011010000101111101001100
010100000100011100111100
011101000111000001100001
011110000111010001100110
011000000101100001000111
011100000110101101011000
011010000110000001001110
011101000110111001011100
010100010100011100111100
010101100100101100111111
011100110110111001011100
011100000110100101011000
011010010110000101010000
011100110110111001011100
011011110110011101010110
011011000110010001010010
010100100100011000111110
011011000110001101010001
011100010110110001011000
011000100101100001001000
011010110110001101001110
011011010110010001010001
011000110101101101001100
010100010100011000111101
011010100110000101010000
011010110101111101000001
011010000110000001001101
011100100110110101011010
011011110110011101010101
011000010101011101001001
010101110100101100111111
011011110110100001010101
011001110101111001001011
010100110100100000111100
011101000110111101100001
011101100111001001100011
011000010101100101000111
011100100110110101011100
011010010110000101001111
011101100111000101100000
010100110100100100111101
010110000100110101000001
011101000110111101011110
011100010110101001011000
011010010110000101010001
011100100110110101011010
011100100110101101011001
011011110110100101010111
010101010100101001000000
011010010110000001001110
011100100110110001011000
011001100101110101001011
011011000110010001001111
011001000101101001001001
011001000101101001001010
010011110100010100111101
011100100110110001011011
011011000110010001010001
011011000110010001010001
011100100110110001011001
011011110110100001010101
010100000100001100111011
010110010100111001000001
011011110110100001010110
011010100110001001001101
010101010100101100111111
011100110110111001011111
011101010111000101100010
011010000110001001010001
011100100110110101011001
011011100110011101010011
011101010111000101011111
010101010100101100111111
010110000100110101000010
011100110110111001011101
011101000110111001011101
011010100110001001010010
011100010110101001011000
011100010110101101011001
011101010111000001011110
010110000100110001000001
011100000110100101010110
011100100110110101011001
011100110110111001011101
011011100110011001010011
011011010110010101010010
010110010100111001000010
010011110100010100111101
011100110110111001011101
011100100110110001011000
011011100110011001010011
011100010110101001010111
011010100110000101001111
010111000101000101000100
010111010101001001000011
011011010110011001010101
011010100110001001001110
010101100100101100111111
011100010110101101011100
011101100111001001100011
011001000101111001001111
011100110110111101011100
011010100110001101010001
011101010111000001011110
010101000100101000111110
010101010100101101000000
011100110110111001011101
011100110110111001011101
011011010110010101010100
011100000110100101010111
011100100110110001011010
011101010111000101011111
010110010100110001000001
011100100110110001011000
011100010110101001011000
011101010111000001011111
011100000110100101010110
011011100110011101010011
010111100101010001000101
010011010100001100111100
011100110110110101011100
011101000111000001011100
011011110110100001010101
011011100110011101010100
011010110110001001010000
011100110110111001011101
011010100110000101001111
011100110110111001011101
011011100110011101010100
010111000100111100111011
011101000110110101011010
011101010111000001100000
011010010110001001010010
011100010110110001011000
011000010101101001001001
011011010110010101010011
010011010100001100111001
010101100100110001000000
011100100110110001011011
011100100110110101011011
011011100110011001010101
011100110110110101011100
011100000110101001011000
011100100110110101011100
010110110100111101000100
011011010110010101010010
011100010110101101011000
011101000110111001011100
011100100110101101011001
011100000110100001010101
011001000101110001001100
010000100011100000110011
011100100110110001011010
011101010111000101011101
011011100110011001010011
011100000110100101010111
011011000110010001010010
011101010111000001100000
011010100110000001001101
011101100111000101100001
011011110110100001010110
011001100101010000110001
011011100101111100111110
011101000111000001100001
011101010111000001100000
011000000101011101000110
011100010110101001010111
011100000110100101010110
010101010100101100111111
010101000100101000111110
011010000110000001010001
011000100101100001001010
011010100110000101010001
011011010110011001010110
011100010110101101011001
011101100111000101100001
011000000101001001000000
011010100110000101001111
011011110110011101010011
011100110110110101011010
011100100110101101011001
011100010110101001010111
011010100110001001010001
010010010011111100110111
011100100110101101011001
011101010111000101011100
011011000110001101010000
011100000110101001010111
011011010110010001010010
011101010111000101100001
011010000101111101001100
011010110110001001010000
011100100110110001011010
010101110100101100111101
011100100110101001010101
011101010111000101100010
011101010110111101100000
011101100111001001100011
011101000110111101011111
011100010110101001011010
010101000100101000111110
010101010100101100111110
011100100110110001011100
011010010110000001010000
010101110100110001000001
011000000101010101001000
010101110100110101000001
011001100101110101001100
010101010100100100111111
011011010110010001010000
011011100110010101010001
011101000110111001011100
011100100110101101011001
011100010110101001011000
011010110110001101010001
010010000011110100110111
011100100110101101011010
011101100111001001011101
011011010110011001010011
011100110110110101011100
011011100110011101010110
011110000111010101100111
011010010110000001001110
011101000110111001011101
011101010111000001011111
010101110100110101000000
011101000110111101100000
011101100111000101100010
011010110110010001010011
011100010110101101011000
011101000110111101011110
011100110110111001011111
010101010100101000111101
010011110100010100111100
011100100110110001011011
011101000110111101011110
011100010110110001011011
011011010110011001010111
011100000110100101010111
011101000110111101011101
010110110101000001000011
011100000110100101010101
011011100110011001010010
011101000110111101011101
011100100110101001011000
011100010110101001011000
011010110110010001010010
010011000100001000111011
011100100110101101011010
